113.00068907481035
0,99:3177
0,134:1262
0,0:60590
0,67:1644
0,1856:1079
0,2334:357
0,2335:346
99,134:626
99,0:3177
99,67:1166
99,1856:1446
99,2334:502
99,2335:540
134,0:1262
134,99:626
134,67:136
134,1856:119
67,1856:1175
67,0:1644
67,2334:405
67,134:136
67,2335:434
67,99:1166
1856,2334:1362
1856,67:1175
1856,2335:1447
1856,0:1079
1856,134:119
1856,99:1446
1856,1856:1884
1856,64:177
2334,2335:959
2334,1856:1362
2334,2334:622
2334,67:405
2334,0:357
2334,99:502
2334,64:54
2335,2334:959
2335,2335:706
2335,1856:1447
2335,67:434
2335,0:346
2335,99:540
99,64:681
99,714:51
99,1732:152
64,0:1468
64,99:681
64,1856:177
64,2334:54
64,1736:125
0,159:940
0,64:1468
0,714:1958
0,741:80
0,1732:510
0,1736:1788
0,65:1448
159,714:1022
159,0:940
714,717:964
714,159:1022
714,2081:667
714,0:1958
714,714:21184
714,99:51
714,741:1367
714,1732:748
714,1736:142
717,2081:769
717,714:964
717,717:410
717,741:27
2081,717:769
2081,714:667
714,1497:137
741,1732:1354
741,714:1367
741,1736:211
741,717:27
741,0:80
1732,1736:1177
1732,741:1354
1732,65:156
1732,714:748
1732,1769:174
1732,1497:268
1732,331:153
1732,0:510
1732,1784:76
1732,1785:22
1732,99:152
1736,65:994
1736,1732:1177
1736,1736:2584
1736,741:211
1736,1769:821
1736,714:142
1736,1497:1172
1736,331:992
1736,1784:366
1736,0:1788
1736,64:125
65,1736:994
65,1769:98
65,1732:156
65,1497:150
65,331:209
65,0:1448
1736,325:508
1769,1497:727
1769,1736:821
1769,1769:250
1769,65:98
1769,331:134
1769,1732:174
1769,1784:101
1769,325:54
1769,1:141
1497,1769:727
1497,1736:1172
1497,331:222
1497,65:150
1497,1784:244
1497,1785:56
1497,1732:268
1497,714:137
1497,325:74
1497,1:188
1497,0:990
1769,0:493
1736,1:1030
331,1784:919
331,1736:992
331,1785:231
331,1769:134
331,1497:222
331,331:1060
331,325:980
331,1:637
331,65:209
331,0:698
331,1732:153
1784,1785:761
1784,331:919
1784,1784:1318
1784,1736:366
1784,1769:101
1784,325:288
1784,1497:244
1784,1:219
1784,0:793
1784,1732:76
1785,1784:761
1785,331:231
1785,0:193
1785,1497:56
1785,1732:22
325,1:901
325,331:980
325,0:495
325,1784:288
325,1736:508
325,1769:54
325,1497:74
1,0:1353
1,325:901
1,331:637
1,1784:219
1,1736:1030
1,60:81
1,1769:141
1,1497:188
0,103:1422
0,1:1353
0,1888:400
0,325:495
0,331:698
0,1784:793
0,1785:193
0,151:2918
0,60:6831
0,160:3352
0,1769:493
0,101:1787
0,1497:990
103,1888:588
103,0:1422
103,103:664
103,151:853
103,60:276
1888,103:588
1888,1888:190
1888,0:400
1888,151:314
1888,60:82
103,2501:15
151,60:1121
151,103:853
151,160:153
151,1888:314
151,0:2918
60,160:1149
60,151:1121
60,60:4254
60,103:276
60,101:755
60,1888:82
60,21:326
60,2501:147
60,0:6831
60,1:81
160,60:1149
160,101:121
160,151:153
160,21:93
160,2501:45
160,0:3352
160,82:100
160,2374:82
60,2374:95
101,21:650
101,60:755
101,101:256
101,160:121
101,2501:193
101,0:1787
21,101:650
21,21:1012
21,60:326
21,2501:687
21,160:93
21,0:1809
21,2101:137
101,2101:254
2501,21:687
2501,0:983
2501,101:193
2501,60:147
2501,160:45
2501,103:15
0,82:1587
0,21:1809
0,2374:2145
0,2501:983
0,78:2307
0,2101:8176
0,141:1730
0,32:1683
82,2374:638
82,0:1587
82,78:74
82,2101:751
82,82:174
82,160:100
2374,0:2145
2374,82:638
2374,2101:328
2374,141:29
2374,32:21
2374,60:95
2374,160:82
0,155:1990
0,1750:528
78,2101:906
78,0:2307
78,82:74
2101,82:751
2101,78:906
2101,0:8176
2101,141:109
2101,2374:328
2101,32:95
2101,21:137
2101,155:206
2101,101:254
0,1752:283
0,1751:593
0,1188:525
141,32:676
141,0:1730
141,141:332
141,2101:109
141,2374:29
32,141:676
32,0:1683
32,2101:95
32,2374:21
155,1750:1399
155,0:1990
155,1752:976
155,1751:1946
155,1188:1311
155,2101:206
155,1749:592
1750,1752:1863
1750,155:1399
1750,1750:1370
1750,0:528
1750,1751:2504
1750,1188:1546
1750,1749:886
1752,1750:1863
1752,1751:2752
1752,155:976
1752,1188:1345
1752,0:283
1752,1752:2104
1752,1749:1426
1752,1189:1300
1750,1189:1224
1751,1188:2331
1751,1750:2504
1751,1751:3736
1751,1752:2752
1751,155:1946
1751,0:593
1751,1749:1798
1751,1189:2770
1188,1751:2331
1188,1752:1345
1188,1750:1546
1188,1749:759
1188,155:1311
1188,0:525
1188,1189:1615
1749,1751:1798
1749,1752:1426
1749,1189:862
1749,1750:886
1749,1188:759
1749,155:592
1189,1751:2770
1189,1749:862
1189,1752:1300
1189,1750:1224
1189,1188:1615
1,99:874
1,1855:259
1,65:252
1,2257:106
1,2642:84
99,1855:1029
99,1:874
99,65:1142
99,1736:1021
99,2257:385
99,2642:236
1855,65:874
1855,99:1029
1855,1736:1112
1855,1:259
1855,1855:840
1855,2257:950
1855,2642:603
65,1855:874
65,65:578
65,99:1142
65,1:252
65,2257:307
65,2642:170
1736,1855:1112
1736,2257:410
1736,99:1021
1736,2642:241
2257,2642:1103
2257,1855:950
2257,2257:820
2257,65:307
2257,1736:410
2257,99:385
2257,1:106
2642,2257:1103
2642,1855:603
2642,65:170
2642,1736:241
2642,99:236
2642,1:84
2642,2642:1112
2257,1989:584
1855,1989:303
1855,1988:211
65,1989:92
65,1988:69
65,1990:38
1855,1990:61
1855,0:736
2257,1988:316
2257,1990:73
2257,0:209
2642,1989:1012
2642,1988:613
2642,1990:139
2642,0:145
1989,1988:980
1989,2642:1012
1989,1990:280
1989,2257:584
1989,1855:303
1989,0:192
1989,65:92
1988,1990:1357
1988,1989:980
1988,252:321
1988,2642:613
1988,164:98
1988,2257:316
1988,0:747
1988,1855:211
1988,2044:39
1988,65:69
1990,252:1191
1990,1988:1357
1990,164:334
1990,1989:280
1990,0:616
1990,2642:139
1990,2101:65
1990,2257:73
1990,2044:145
1990,1855:61
1990,65:38
1990,2137:121
252,164:1112
252,1990:1191
252,0:466
252,1988:321
252,2101:163
252,2044:529
252,2253:128
164,0:3000
164,252:1112
164,2101:265
164,1990:334
164,2044:247
164,1988:98
164,2253:78
164,120:173
0,164:3000
0,2044:1463
0,252:466
0,30:1677
0,1990:616
0,1988:747
0,2253:877
0,1989:192
0,120:2498
0,2642:145
0,2137:1222
0,2257:209
0,1955:663
0,1855:736
0,1553:636
0,1547:1832
2101,2044:1190
2101,30:1066
2101,164:265
2101,252:163
2101,2253:359
2101,1990:65
2101,120:340
2101,1547:94
2101,1551:68
2044,30:766
2044,2101:1190
2044,2044:1826
2044,0:1463
2044,2253:1152
2044,164:247
2044,120:731
2044,252:529
2044,2137:100
2044,1990:145
2044,1955:38
2044,1988:39
30,2044:766
30,2253:196
30,2101:1066
30,120:155
30,0:1677
2044,95:176
2253,120:918
2253,2044:1152
2253,2137:133
2253,30:196
2253,1955:43
2253,2101:359
2253,0:877
2253,164:78
2253,252:128
2253,95:123
120,2137:771
120,2253:918
120,1955:245
120,2044:731
120,1553:124
120,30:155
120,1547:106
120,1551:59
120,2101:340
120,0:2498
120,164:173
120,95:167
120,54:42
2137,1955:684
2137,120:771
2137,1553:213
2137,2253:133
2137,1547:148
2137,2044:100
2137,1551:35
2137,0:1222
2137,1990:121
1955,1553:535
1955,2137:684
1955,1547:240
1955,120:245
1955,1551:53
1955,2253:43
1955,2044:38
1955,0:663
1553,1547:824
1553,1955:535
1553,1551:144
1553,2137:213
1553,120:124
1553,95:120
1553,0:636
1547,1551:1434
1547,1553:824
1547,1806:227
1547,1955:240
1547,2137:148
1547,95:1255
1547,120:106
1547,106:155
1547,2101:94
1547,0:1832
1551,1806:784
1551,1547:1434
1551,1551:2118
1551,1553:144
1551,95:1093
1551,1955:53
1551,106:107
1551,2137:35
1551,54:55
1551,120:59
1551,0:1376
1551,2101:68
1806,1551:784
1806,95:194
1806,1547:227
1806,54:26
1806,0:764
95,106:760
95,1551:1093
95,54:192
95,1806:194
95,1547:1255
95,1553:120
95,0:3609
95,107:85
95,2500:38
95,120:167
95,2253:123
95,86:118
95,2044:176
106,54:552
106,95:760
106,102:125
106,1551:107
106,106:410
106,0:1536
106,1547:155
54,102:519
54,106:552
54,54:558
54,95:192
54,1551:55
54,0:1964
54,1806:26
54,86:83
54,120:42
102,54:519
102,106:125
102,0:1133
102,86:67
0,107:3117
0,106:1536
0,2500:885
0,54:1964
0,102:1133
0,86:5423
0,147:1805
0,95:3609
0,46:1892
0,1551:1376
0,108:2140
0,1806:764
0,2234:983
0,2233:608
107,2500:1260
107,0:3117
107,107:2204
107,86:1242
107,147:898
107,46:798
107,108:231
107,95:85
107,2234:95
107,2233:31
2500,107:1260
2500,86:238
2500,0:885
2500,147:181
2500,46:383
2500,108:113
2500,95:38
107,1013:28
86,147:822
86,107:1242
86,2500:238
86,46:216
86,108:121
86,0:5423
86,54:83
86,102:67
86,2099:53
86,95:118
147,107:898
147,86:822
147,46:130
147,2500:181
147,0:1805
147,2099:23
107,2099:52
46,108:629
46,107:798
46,2234:230
46,147:130
46,2233:84
46,86:216
46,1013:87
46,2500:383
46,0:1892
108,2234:823
108,46:629
108,2233:348
108,107:231
108,1013:319
108,86:121
108,2099:245
108,2500:113
108,0:2140
108,108:688
2234,2233:1110
2234,108:823
2234,2234:1080
2234,46:230
2234,1013:899
2234,107:95
2234,2099:701
2234,0:983
2234,145:172
2233,2234:1110
2233,1013:331
2233,108:348
2233,46:84
2233,2099:302
2233,107:31
2233,2233:1452
2233,145:74
2233,0:608
1013,2234:899
1013,2099:250
1013,2233:331
1013,108:319
1013,46:87
1013,107:28
1013,145:64
1013,0:325
2099,2234:701
2099,2233:302
2099,1013:250
2099,108:245
2099,0:1115
2099,107:52
2099,147:23
2099,86:53
108,145:484
145,0:962
145,108:484
145,2234:172
145,2233:74
145,1013:64
0,104:1194
0,145:962
0,2359:358
0,776:544
0,526:104
0,2099:1115
0,1013:325
0,1120:330
104,2359:703
104,0:1194
104,104:820
104,776:924
104,1002:82
104,526:125
104,1795:111
104,1124:14
104,1120:33
2359,104:703
2359,776:258
2359,0:358
2359,1002:19
2359,526:26
2359,1795:24
2359,1124:4
2359,1120:11
776,1002:901
776,104:924
776,526:1471
776,2359:258
776,1004:867
776,1795:1425
776,0:544
776,1124:185
776,1120:218
1002,526:926
1002,776:901
1002,1004:246
1002,104:82
1002,1795:800
1002,2359:19
1002,1124:119
1002,1120:88
526,1004:782
526,1002:926
526,1795:1435
526,776:1471
526,1124:219
526,104:125
526,1120:153
526,2359:26
526,0:104
1004,1795:782
1004,526:782
1004,1124:112
1004,1002:246
1004,1120:98
1004,776:867
1795,1124:604
1795,1004:782
1795,1120:452
1795,526:1435
1795,1002:800
1795,776:1425
1795,104:111
1795,2359:24
1795,1121:33
1124,1120:679
1124,1795:604
1124,1134:51
1124,1004:112
1124,526:219
1124,1002:119
1124,776:185
1124,104:14
1124,2359:4
1120,1134:1210
1120,1124:679
1120,1120:6358
1120,1795:452
1120,1126:683
1120,1004:98
1120,526:153
1120,1121:754
1120,1002:88
1120,776:218
1120,104:33
1120,2359:11
1120,0:330
1134,1120:1210
1134,1126:72
1134,1124:51
1134,1121:60
1126,1120:683
1126,1134:72
1121,1120:754
1121,1134:60
1121,1795:33
2,0:1386
2,94:50
0,24:647
0,2:1386
0,93:2357
0,5:1903
0,94:3589
0,133:1654
0,149:1603
0,2016:742
24,0:647
0,1946:1235
93,5:755
93,0:2357
93,94:337
93,133:182
5,94:702
5,93:755
5,133:220
5,0:1903
94,133:714
94,5:702
94,94:1394
94,93:337
94,0:3589
94,149:79
94,1946:68
94,2:50
133,94:714
133,0:1654
133,5:220
133,93:182
133,1946:149
133,1950:153
0,1950:786
0,2550:163
0,2549:171
149,2016:794
149,0:1603
149,1946:450
149,94:79
149,1950:499
149,2550:124
149,2549:135
2016,1946:733
2016,149:794
2016,2016:606
2016,0:742
2016,1950:1082
2016,2550:276
2016,2549:298
1946,2016:733
1946,1950:589
1946,149:450
1946,2550:155
1946,0:1235
1946,2549:166
1946,94:68
1946,133:149
1946,2136:802
2016,2136:523
2016,1949:690
1950,2550:1561
1950,2016:1082
1950,2549:1596
1950,1946:589
1950,149:499
1950,1950:2734
1950,0:786
1950,133:153
1950,2136:1071
1950,1949:548
2550,2549:1040
2550,1950:1561
2550,2550:734
2550,2016:276
2550,1946:155
2550,149:124
2550,0:163
2550,2136:279
2550,1949:134
2549,2550:1040
2549,2549:732
2549,1950:1596
2549,2016:298
2549,1946:166
2549,2136:307
2549,149:135
2549,1949:152
2549,0:171
2549,2545:346
2550,2545:341
2550,2546:379
2549,2546:361
1950,2545:1298
1950,2546:1550
2136,1949:754
2136,1950:1071
2136,2016:523
2136,2550:279
2136,2545:269
2136,2549:307
2136,2546:268
2136,1946:802
1949,2016:690
1949,2136:754
1949,1950:548
1949,2545:124
1949,2550:134
1949,2546:130
1949,2549:152
1949,1946:482
1949,9:103
2016,2545:241
2016,2546:319
2016,9:145
1950,9:122
2545,2546:1006
2545,1950:1298
2545,2016:241
2545,1949:124
2545,2136:269
2545,1946:135
2545,2550:341
2545,2549:346
2546,1950:1550
2546,2545:1006
2546,2546:1282
2546,2016:319
2546,1949:130
2546,1946:141
2546,2136:268
2546,2550:379
2546,2549:361
1946,9:639
1946,95:254
1946,2546:141
1946,2545:135
1946,1949:482
9,95:940
9,1946:639
9,2016:145
9,1950:122
9,1949:103
95,9:940
95,1946:254
95,854:82
95,261:128
106,854:211
106,261:224
54,854:662
54,261:262
102,854:138
854,260:1424
854,54:662
854,932:253
854,102:138
854,933:271
854,106:211
854,261:5131
854,95:82
854,979:158
854,946:280
854,860:1009
260,932:471
260,854:1424
260,260:1190
260,933:538
260,261:2695
260,946:362
260,860:209
932,260:471
932,933:103
932,854:253
932,261:843
260,947:102
933,261:1025
933,260:538
933,932:103
933,933:158
933,854:271
933,946:570
933,860:147
261,979:1179
261,933:1025
261,261:19320
261,260:2695
261,932:843
261,946:781
261,860:1603
261,854:5131
261,54:262
261,947:1007
261,106:224
261,966:824
261,95:128
979,261:1179
979,854:158
261,967:834
946,860:737
946,933:570
946,854:280
946,261:781
946,947:111
946,260:362
860,854:1009
860,946:737
860,860:1484
860,933:147
860,947:660
860,261:1603
860,260:209
854,947:342
854,967:132
854,1657:248
854,980:231
947,261:1007
947,860:660
947,854:342
947,946:111
947,260:102
261,1657:936
261,980:1513
966,261:824
967,1657:517
967,261:834
967,980:226
967,967:170
967,854:132
1657,980:578
1657,967:517
1657,1657:486
1657,261:936
1657,854:248
980,1657:578
980,967:226
980,261:1513
980,980:408
980,856:55
980,854:231
967,377:80
261,856:1358
261,259:761
261,415:386
261,377:1832
261,434:342
856,261:1358
856,854:912
856,980:55
856,377:174
261,1672:732
261,970:1105
259,261:761
259,854:142
261,197:1334
854,415:866
854,854:4982
854,259:142
854,377:2767
854,856:912
854,434:600
854,1672:419
854,970:220
854,197:361
415,854:866
415,415:132
415,261:386
415,377:1099
415,434:49
415,1672:29
415,197:34
377,434:891
377,415:1099
377,1672:457
377,854:2767
377,970:150
377,197:182
377,261:1832
377,856:174
377,967:80
434,1672:717
434,377:891
434,970:185
434,415:49
434,854:600
434,197:228
434,261:342
1672,970:716
1672,434:717
1672,1672:1356
1672,377:457
1672,197:823
1672,415:29
1672,854:419
1672,261:732
970,1672:716
970,197:257
970,434:185
970,377:150
970,854:220
970,261:1105
197,1672:823
197,970:257
197,434:228
197,377:182
197,415:34
197,854:361
197,261:1334
3,31:883
3,3:1848
3,111:1141
3,1951:125
3,1980:82
3,71:161
3,0:3202
3,121:62
31,3:883
31,111:330
31,71:59
31,0:1402
111,1951:750
111,3:1141
111,1980:384
111,31:330
111,71:548
111,0:3342
1951,1980:583
1951,111:750
1951,1951:372
1951,3:125
1951,71:716
1951,0:762
1951,223:7
1980,1951:583
1980,71:245
1980,111:384
1980,0:418
1980,3:82
71,0:4054
71,1951:716
71,1980:245
71,111:548
71,223:67
71,3:161
71,31:59
71,1586:4
71,1802:43
0,121:1495
0,71:4054
0,436:319
0,1951:762
0,190:137
0,1980:418
0,223:772
0,111:3342
0,3:3202
0,31:1402
0,1802:137
121,436:537
121,0:1495
121,190:158
121,223:45
121,3:62
436,190:564
436,121:537
436,223:155
436,0:319
190,223:950
190,436:564
190,121:158
190,0:137
223,986:575
223,190:950
223,419:381
223,436:155
223,121:45
223,0:772
223,71:67
223,1951:7
986,419:570
986,223:575
986,1344:101
419,1586:578
419,986:570
419,1802:415
419,223:381
419,549:355
419,1344:1018
1586,1802:649
1586,419:578
1586,549:178
1586,1344:134
1586,71:4
1802,549:864
1802,1586:649
1802,1344:274
1802,419:415
1802,535:180
1802,682:102
1802,0:137
1802,71:43
549,1344:916
549,1802:864
549,549:1302
549,1586:178
549,535:666
549,419:355
549,682:314
549,867:77
549,545:129
549,544:142
1344,549:916
1344,535:179
1344,1802:274
1344,1586:134
1344,419:1018
1344,986:101
549,1120:140
535,682:638
535,549:666
535,535:268
535,1344:179
535,867:170
535,1802:180
535,544:111
682,535:638
682,682:766
682,549:314
682,867:935
682,545:267
682,1129:169
682,1802:102
682,544:189
682,1120:201
867,545:754
867,682:935
867,1129:313
867,535:170
867,544:278
867,1120:372
867,549:77
545,1129:927
545,867:754
545,544:883
545,682:267
545,545:550
545,1120:1199
545,549:129
1129,544:1006
1129,545:927
1129,867:313
1129,1120:1588
1129,682:169
1129,361:72
1129,1981:17
544,545:883
544,1129:1006
544,1120:1373
544,361:73
544,867:278
544,682:189
544,535:111
544,549:142
1120,361:931
1120,545:1199
1120,731:141
1120,544:1373
1120,1129:1588
1120,1981:238
1120,867:372
1120,682:201
1120,797:520
1120,799:117
1120,1570:52
1120,451:69
1120,549:140
361,731:839
361,1120:931
361,361:1416
361,544:73
361,1981:1406
361,1129:72
361,759:442
361,797:1128
361,799:190
731,361:839
731,731:310
731,1120:141
731,1981:887
731,759:297
731,797:266
1981,759:964
1981,731:887
1981,797:548
1981,361:1406
1981,799:73
1981,1120:238
1981,1129:17
759,797:719
759,1981:964
759,799:89
759,731:297
759,361:442
797,799:772
797,759:719
797,1570:244
797,1981:548
797,451:129
797,731:266
797,446:53
797,361:1128
797,1120:520
799,1570:624
799,797:772
799,451:311
799,759:89
799,446:142
799,1981:73
799,449:102
799,361:190
799,1120:117
1570,451:729
1570,799:624
1570,446:244
1570,797:244
1570,449:69
1570,1120:52
451,446:960
451,1570:729
451,449:206
451,799:311
451,797:129
451,1715:150
451,1120:69
446,449:979
446,451:960
446,446:6062
446,1570:244
446,450:896
446,799:142
446,797:53
446,452:804
446,995:292
446,1531:110
446,1534:37
446,1715:118
449,446:979
449,451:206
449,1570:69
449,799:102
449,1715:143
450,446:896
452,995:663
452,446:804
452,1531:229
452,1534:45
452,1715:43
995,1531:1228
995,452:663
995,1534:258
995,446:292
995,1715:101
1531,1534:1150
1531,995:1228
1531,1715:526
1531,452:229
1531,446:110
1534,1715:764
1534,1531:1150
1534,1716:139
1534,995:258
1534,452:45
1534,446:37
1715,1716:916
1715,1534:764
1715,710:301
1715,1531:526
1715,1717:276
1715,995:101
1715,1718:202
1715,452:43
1715,446:118
1715,449:143
1715,451:150
1716,710:1533
1716,1715:916
1716,1717:1340
1716,1534:139
1716,1718:1079
1716,1716:1972
710,1717:988
710,1716:1533
710,1718:546
710,1715:301
710,710:1048
1717,1718:778
1717,710:988
1717,1717:704
1717,1716:1340
1717,1715:276
1717,665:588
1718,1717:778
1718,1716:1079
1718,710:546
1718,1718:396
1718,1715:202
1718,665:907
1718,1835:211
1717,1835:133
1716,665:1282
1716,1835:300
1716,1545:183
710,665:466
710,1835:111
665,1835:1026
665,1718:907
665,1545:105
665,1716:1282
665,710:466
665,1401:172
665,1717:588
665,1402:197
665,1838:152
665,1924:126
1835,1545:801
1835,665:1026
1835,1835:5540
1835,1718:211
1835,1401:1924
1835,1716:300
1835,2343:467
1835,710:111
1835,2057:1115
1835,1717:133
1835,2669:517
1835,1402:2402
1835,1838:1920
1835,1924:1884
1835,1840:1835
1545,1835:801
1545,665:105
1545,1716:183
1545,1402:137
1545,1838:125
1545,1924:105
1545,1840:98
1401,2343:935
1401,1835:1924
1401,2057:1652
1401,2669:468
1401,1402:1132
1401,665:172
1401,1838:430
1401,1924:312
1401,1840:238
2343,2057:980
2343,1401:935
2343,2669:244
2343,1835:467
2343,1402:330
2343,1838:109
2343,1924:96
2057,2669:906
2057,2343:980
2057,1402:1019
2057,1401:1652
2057,1838:307
2057,1835:1115
2057,1924:272
2057,1840:135
2669,1402:934
2669,2057:906
2669,1838:226
2669,2343:244
2669,1924:123
2669,1401:468
2669,1840:74
2669,1835:517
1402,1838:1155
1402,2669:934
1402,1924:519
1402,2057:1019
1402,1840:353
1402,2343:330
1402,1401:1132
1402,1835:2402
1402,665:197
1402,1545:137
1402,1461:50
1402,1459:26
1838,1924:828
1838,1402:1155
1838,1840:449
1838,2669:226
1838,2057:307
1838,1835:1920
1838,2343:109
1838,665:152
1838,1401:430
1838,1462:40
1838,1461:47
1838,1545:125
1838,1459:32
1924,1840:1128
1924,1838:828
1924,1924:978
1924,1402:519
1924,1835:1884
1924,2669:123
1924,665:126
1924,2057:272
1924,2343:96
1924,1401:312
1924,1545:105
1840,1924:1128
1840,1835:1835
1840,1838:449
1840,665:115
1840,1402:353
1840,2669:74
1840,2057:135
1840,1401:238
1840,1545:98
1835,1462:284
1835,1461:285
1835,1459:196
665,1462:1339
665,1461:1415
665,1459:906
665,1840:115
1462,1461:1333
1462,665:1339
1462,1459:1232
1462,1835:284
1462,1838:40
1461,1459:1173
1461,1462:1333
1461,665:1415
1461,1835:285
1461,1838:47
1461,1402:50
1459,1461:1173
1459,1462:1232
1459,665:906
1459,1835:196
1459,1838:32
1459,1402:26
4,100:603
4,1307:125
4,1988:209
100,1307:548
100,4:603
100,100:728
100,1988:834
100,1991:190
100,1:23
1307,100:548
1307,1988:157
1307,4:125
1988,1991:878
1988,100:834
1988,326:353
1988,1307:157
1988,324:153
1988,4:209
1988,1:82
1991,326:659
1991,1988:878
1991,324:341
1991,100:190
1991,325:112
1991,212:9
326,324:1105
326,1991:659
326,325:396
326,1988:353
326,1:117
326,212:30
324,325:1892
324,326:1105
324,1:610
324,1991:341
324,330:229
324,1988:153
324,1814:87
325,324:1892
325,330:370
325,326:396
325,1814:164
325,1991:112
325,254:25
1,330:698
1,1814:354
1,324:610
1,254:69
1,326:117
1,1988:82
1,100:23
330,1814:571
330,1:698
330,254:105
330,325:370
330,324:229
1814,254:626
1814,330:571
1814,164:346
1814,1:354
1814,325:164
1814,324:87
254,164:753
254,1814:626
254,330:105
254,1:69
254,325:25
254,223:77
164,212:673
164,254:753
164,988:273
164,1814:346
164,965:100
164,800:95
164,854:807
164,205:281
164,223:761
164,260:881
164,164:4536
212,988:650
212,164:673
212,965:121
212,800:139
212,854:807
212,205:628
212,223:328
212,260:123
212,326:30
212,1991:9
212,261:743
988,965:539
988,212:650
988,988:1050
988,164:273
988,800:620
988,854:588
988,205:248
988,223:202
988,260:85
988,261:1019
965,988:539
965,800:114
965,212:121
965,854:151
965,164:100
965,223:76
965,261:746
800,854:671
800,988:620
800,205:98
800,965:114
800,223:193
800,212:139
800,164:95
800,261:548
854,205:1137
854,800:671
854,223:2683
854,988:588
854,965:151
854,164:807
854,212:807
854,256:137
854,436:98
854,190:413
854,196:312
205,223:1112
205,854:1137
205,260:190
205,800:98
205,164:281
205,988:248
205,261:1328
205,212:628
205,190:140
205,389:104
223,260:1053
223,205:1112
223,164:761
223,854:2683
223,261:4410
223,800:193
223,256:125
223,988:202
223,965:76
223,196:312
223,212:328
223,389:202
223,254:77
260,164:881
260,223:1053
260,205:190
260,256:72
260,190:139
260,988:85
260,196:95
260,389:128
260,212:123
260,203:573
164,261:3806
164,256:717
164,436:180
164,190:148
164,203:206
261,256:911
261,164:3806
261,436:285
261,190:766
261,223:4410
261,196:951
261,205:1328
261,389:1188
261,800:548
261,988:1019
261,203:1350
261,965:746
261,861:1396
261,212:743
256,436:491
256,261:911
256,190:181
256,164:717
256,260:72
256,223:125
256,854:137
436,256:491
436,196:102
436,261:285
436,164:180
436,854:98
190,196:690
190,261:766
190,256:181
190,854:413
190,164:148
190,203:101
190,260:139
190,205:140
196,261:951
196,190:690
196,436:102
196,854:312
196,203:63
196,260:95
196,223:312
196,209:41
261,945:971
261,1324:580
261,209:1216
261,250:761
389,854:744
389,261:1188
389,209:51
389,260:128
389,223:202
389,205:104
854,203:882
854,389:744
854,861:764
854,945:498
854,1324:224
854,209:250
854,250:124
203,261:1350
203,854:882
203,861:68
203,196:63
203,190:101
203,164:206
203,260:573
261,2301:208
261,2040:154
861,945:634
861,261:1396
861,1324:167
861,203:68
861,209:121
861,854:764
861,250:27
945,1324:615
945,861:634
945,209:235
945,261:971
945,854:498
945,714:221
1324,209:498
1324,945:615
1324,261:580
1324,861:167
1324,854:224
209,261:1216
209,1324:498
209,945:235
209,861:121
209,854:250
209,389:51
209,196:41
261,714:1060
250,2301:550
250,261:761
250,2040:361
250,1692:103
250,2258:24
250,861:27
250,714:162
250,854:124
2301,2040:679
2301,250:550
2301,1692:188
2301,261:208
2301,2258:43
2301,714:106
2040,1692:707
2040,2301:679
2040,2258:249
2040,250:361
2040,261:154
2040,714:273
1692,2258:1022
1692,2040:707
1692,1692:602
1692,2301:188
1692,714:1014
1692,250:103
2258,1692:1022
2258,714:435
2258,2040:249
2258,2301:43
2258,250:24
714,736:772
714,1692:1014
714,1403:442
714,2258:435
714,2040:273
714,1398:140
714,2301:106
714,1399:81
714,250:162
714,261:1060
714,945:221
736,1403:911
736,714:772
736,1404:96
736,1398:279
736,1399:173
736,1401:75
736,2055:64
1403,1404:683
1403,736:911
1403,1403:2926
1403,714:442
1403,1398:1130
1403,1399:1011
1403,1401:469
1403,1843:269
1403,2055:536
1403,2057:260
1403,1925:90
1404,1403:683
1404,1398:108
1404,736:96
1404,1399:104
1404,1401:51
1403,2008:136
1398,1399:724
1398,1403:1130
1398,1401:223
1398,1404:108
1398,1843:103
1398,2055:145
1398,736:279
1398,2057:115
1398,714:140
1398,1925:16
1398,1842:78
1399,1401:960
1399,1398:724
1399,1843:401
1399,1403:1011
1399,2055:518
1399,1404:104
1399,2057:466
1399,736:173
1399,1925:84
1399,714:81
1399,2008:102
1399,1842:210
1399,1405:439
1401,1843:1085
1401,1399:960
1401,2055:1858
1401,1398:223
1401,1403:469
1401,1404:51
1401,1925:215
1401,736:75
1401,2008:368
1401,1842:472
1401,1405:565
1843,2055:1672
1843,1401:1085
1843,2057:760
1843,1399:401
1843,1398:103
1843,1925:186
1843,1403:269
1843,2008:358
1843,1842:419
1843,1405:559
1843,1402:1101
1843,2670:128
2055,2057:1999
2055,1843:1672
2055,2055:3212
2055,1401:1858
2055,1925:767
2055,1399:518
2055,1398:145
2055,2008:1377
2055,1403:536
2055,1842:1257
2055,1405:1023
2055,1402:1164
2055,736:64
2055,2670:136
2057,2055:1999
2057,1925:219
2057,1843:760
2057,2008:363
2057,1399:466
2057,1842:395
2057,1398:115
2057,1405:385
2057,1403:260
2057,2670:126
1925,2055:767
1925,2008:155
1925,2057:219
1925,1842:164
1925,1405:174
1925,1843:186
1925,1402:191
1925,1401:215
1925,2670:22
1925,1399:84
1925,1398:16
1925,1403:90
1925,1835:478
2055,1835:2007
2008,1842:894
2008,2055:1377
2008,1405:388
2008,1925:155
2008,1402:278
2008,2057:363
2008,1843:358
2008,1401:368
2008,1835:668
2008,1399:102
2008,1403:136
1842,1405:867
1842,2008:894
1842,1402:494
1842,2055:1257
1842,2670:63
1842,1925:164
1842,2057:395
1842,1835:1347
1842,1843:419
1842,1401:472
1842,1399:210
1842,1398:78
1405,1402:1322
1405,1842:867
1405,2670:156
1405,2008:388
1405,2055:1023
1405,1925:174
1405,1835:2027
1405,2057:385
1405,1405:1150
1405,1843:559
1405,1401:565
1405,1399:439
1402,2670:740
1402,1405:1322
1402,1402:2310
1402,1842:494
1402,2008:278
1402,2055:1164
1402,1925:191
1402,1843:1101
2670,1402:740
2670,2670:140
2670,1405:156
2670,1842:63
2670,1835:285
2670,2055:136
2670,1925:22
2670,2057:126
2670,1843:128
2670,1838:122
1402,1844:719
1835,1405:2027
1835,2670:285
1835,1842:1347
1835,2008:668
1835,1844:2023
1835,2055:2007
1835,2058:1039
1835,1925:478
1402,2058:600
1402,2341:339
1405,1838:1050
1405,1844:858
1405,2058:453
1405,2341:295
1405,2013:840
1835,2341:544
1835,2013:886
1402,2013:503
2670,1844:92
2670,2058:71
1838,1844:851
1838,2058:379
1838,2341:201
1838,2670:122
1838,2013:377
1838,1405:1050
1844,2058:923
1844,1838:851
1844,2341:399
1844,1835:2023
1844,2013:923
1844,1402:719
1844,2670:92
1844,1405:858
2058,2341:882
2058,1844:923
2058,2013:646
2058,1838:379
2058,1835:1039
2058,1402:600
2058,2670:71
2058,1405:453
2341,2013:661
2341,2058:882
2341,1844:399
2341,1838:201
2341,1835:544
2341,1402:339
2341,1405:295
2013,2341:661
2013,2058:646
2013,1844:923
2013,1838:377
2013,1835:886
2013,1402:503
2013,1405:840
5,1754:853
5,49:139
5,1976:272
5,1978:101
5,60:192
1754,49:573
1754,5:853
1754,1754:1298
1754,1976:1098
1754,1978:362
1754,60:450
1754,0:2617
49,1754:573
49,1976:149
49,5:139
49,60:81
49,0:1061
1754,52:65
1976,1978:1374
1976,1754:1098
1976,1976:2116
1976,49:149
1976,5:272
1976,60:1305
1976,6:101
1976,0:2109
1976,52:121
1976,1313:39
1978,1976:1374
1978,1754:362
1978,60:366
1978,5:101
1978,0:535
60,6:610
60,1976:1305
60,1754:450
60,52:243
60,1978:366
60,55:97
60,49:81
60,5:192
6,0:943
6,60:610
6,1976:101
0,29:1057
0,6:943
0,52:3610
0,1313:700
0,1976:2109
0,55:1496
0,1754:2617
0,1978:535
0,1316:485
0,49:1061
0,56:2416
29,52:909
29,0:1057
29,1313:131
29,55:200
29,1316:91
29,56:30
52,1313:1492
52,29:909
52,55:1911
52,0:3610
52,52:5348
52,60:243
52,1316:1144
52,1976:121
52,1754:65
52,56:84
1313,55:762
1313,52:1492
1313,1313:458
1313,29:131
1313,0:700
1313,1316:274
1313,1976:39
55,1313:762
55,52:1911
55,1316:692
55,29:200
55,0:1496
55,60:97
52,252:73
52,1486:27
52,164:951
1316,52:1144
1316,0:485
1316,1313:274
1316,55:692
1316,29:91
52,71:126
52,2373:25
0,1487:342
0,1486:131
0,2373:941
0,114:1923
56,2044:1076
56,0:2416
56,1487:206
56,52:84
56,252:132
56,1486:53
56,164:129
56,71:204
56,114:51
56,29:30
2044,1487:836
2044,56:1076
2044,1486:213
2044,71:176
1487,252:1097
1487,2044:836
1487,1486:398
1487,56:206
1487,0:342
1487,164:429
252,1486:934
252,1487:1097
252,252:1548
252,56:132
252,52:73
1486,252:934
1486,164:432
1486,1487:398
1486,2044:213
1486,56:53
1486,0:131
1486,52:27
164,71:1078
164,2373:103
164,1486:432
164,114:171
164,1487:429
164,56:129
164,83:47
164,52:951
71,2373:724
71,164:1078
71,114:882
71,71:2526
71,2044:176
71,56:204
71,52:126
2373,114:736
2373,71:724
2373,164:103
2373,0:941
2373,52:25
114,71:882
114,2373:736
114,0:1923
114,164:171
114,56:51
0,83:1262
0,387:330
0,377:1218
0,397:90
0,395:81
2,83:1114
2,2:1238
2,387:737
2,377:1292
2,854:51
83,2:1114
83,83:1114
83,0:1262
83,387:225
83,377:1366
83,164:47
387,377:1205
387,2:737
387,397:18
387,83:225
387,854:50
387,0:330
377,397:1197
377,387:1205
377,377:32926
377,2:1292
377,395:942
377,83:1366
377,936:162
377,0:1218
397,377:1197
397,387:18
397,854:795
397,261:381
397,0:90
377,211:94
377,185:127
395,854:586
395,377:942
395,261:169
395,0:81
854,395:586
854,937:153
854,936:723
854,397:795
854,177:207
854,387:50
854,2:51
854,211:323
854,185:910
854,225:378
854,171:268
261,937:1046
261,936:2965
261,395:169
261,177:1213
261,397:381
261,211:1647
261,185:1700
261,225:1657
261,171:1347
937,936:593
937,261:1046
937,177:120
937,854:153
936,177:581
936,937:593
936,936:1296
936,261:2965
936,854:723
936,211:109
936,185:192
936,377:162
936,225:149
936,171:211
177,936:581
177,261:1213
177,937:120
177,185:107
177,854:207
177,225:104
177,171:134
261,744:1010
261,1786:329
261,2230:138
211,185:616
211,261:1647
211,225:187
211,936:109
211,171:111
211,744:36
211,854:323
211,377:94
185,225:596
185,211:616
185,171:191
185,261:1700
185,936:192
185,744:53
185,177:107
185,854:910
185,377:127
225,171:519
225,185:596
225,261:1657
225,211:187
225,936:149
225,177:104
225,854:378
171,261:1347
171,225:519
171,744:39
171,185:191
171,211:111
171,936:211
171,177:134
171,854:268
744,1786:1279
744,261:1010
744,744:1704
744,171:39
744,2230:649
744,185:53
744,211:36
1786,744:1279
1786,1786:1250
1786,261:329
1786,2230:1009
2230,1786:1009
2230,2230:534
2230,744:649
2230,261:138
1786,253:360
2230,253:158
744,253:1022
744,1546:352
253,744:1022
253,253:834
253,1786:360
253,1546:646
253,2230:158
1546,253:646
1546,744:352
1546,1546:214
0,125:1357
0,37:1393
125,37:550
125,0:1357
37,0:1393
37,125:550
0,332:724
1,1856:180
1,332:263
99,99:1992
99,332:937
99,331:556
1856,1:180
1856,332:230
1856,331:145
1856,1736:450
1856,1855:385
2335,1736:158
2335,1855:136
2335,65:380
2334,1736:135
2334,1855:131
2334,65:354
1856,65:991
1856,1887:102
99,1887:269
99,1983:91
332,331:961
332,99:937
332,1736:361
332,1856:230
332,1855:175
332,65:200
332,1:263
332,0:724
331,332:961
331,1855:176
331,99:556
331,1856:145
331,1887:167
331,1983:49
331,1814:335
1736,332:361
1736,1856:450
1736,2334:135
1736,1887:1064
1736,2335:158
1736,1983:363
1736,1814:624
1736,254:88
1855,331:176
1855,332:175
1855,1887:196
1855,1856:385
1855,2334:131
1855,2335:136
1855,1814:202
65,1887:196
65,332:200
65,1983:83
65,1856:991
65,1814:185
65,2334:354
65,2335:380
99,1814:827
99,254:136
99,164:162
1736,164:114
1887,1983:765
1887,1736:1064
1887,1887:956
1887,1855:196
1887,1814:794
1887,99:269
1887,254:127
1887,65:196
1887,164:69
1887,331:167
1887,1856:102
1983,1887:765
1983,1814:311
1983,1736:363
1983,99:91
1983,65:83
1983,331:49
1814,1887:794
1814,1983:311
1814,1736:624
1814,1855:202
1814,99:827
1814,65:185
1814,261:96
1814,331:335
254,1887:127
254,1736:88
254,99:136
254,261:240
164,246:795
164,812:184
164,814:136
164,1887:69
164,1648:128
164,1736:114
164,959:87
164,99:162
246,812:625
246,164:795
246,814:333
246,1650:92
246,1648:318
246,261:1263
812,814:1066
812,246:625
812,1650:379
812,164:184
812,1648:1089
812,224:248
812,261:342
814,1650:953
814,812:1066
814,1648:2085
814,246:333
814,224:524
814,164:136
814,959:121
814,261:471
1650,1648:1061
1650,814:953
1650,224:195
1650,812:379
1650,246:92
1650,261:114
1648,224:1128
1648,1650:1061
1648,959:274
1648,814:2085
1648,261:653
1648,812:1089
1648,246:318
1648,164:128
1648,946:12
224,959:467
224,1648:1128
224,261:557
224,1650:195
224,814:524
224,812:248
959,261:991
959,224:467
959,1648:274
959,177:29
959,814:121
959,164:87
261,959:991
261,224:557
261,1648:653
261,1650:114
261,814:471
261,812:342
261,246:1263
261,192:1353
261,1661:187
261,254:240
261,428:76
261,1814:96
389,933:45
389,946:35
389,192:93
389,377:1076
261,427:461
177,959:29
933,192:647
933,1661:104
933,389:45
933,428:30
933,377:105
933,427:29
933,397:18
946,192:428
946,377:185
946,389:35
946,1648:12
933,164:157
192,1661:954
192,933:647
192,428:311
192,946:428
192,377:447
192,427:55
192,261:1353
192,397:50
192,854:939
192,389:93
192,164:235
1661,428:672
1661,192:954
1661,377:635
1661,933:104
1661,261:187
1661,854:112
428,377:1027
428,1661:672
428,192:311
428,933:30
428,261:76
377,427:1340
377,428:1027
377,1661:635
377,192:447
377,933:105
377,212:184
377,946:185
377,164:621
377,389:1076
427,397:497
427,377:1340
427,427:304
427,854:1014
427,212:45
427,192:55
427,933:29
427,261:461
397,427:497
397,212:43
397,192:50
397,933:18
854,427:1014
854,1661:112
854,192:939
212,427:45
212,397:43
212,377:184
164,251:754
164,2314:356
164,1290:231
164,377:621
164,1289:64
164,1264:54
164,1265:66
164,192:235
164,933:157
251,2314:724
251,164:754
251,251:460
251,254:48
2314,251:724
2314,164:356
254,1290:790
254,1289:260
254,251:48
254,1264:187
254,1265:287
254,1280:168
1290,1289:1181
1290,254:790
1290,1264:810
1290,164:231
1290,1265:1237
1290,1290:1674
1290,1280:720
1290,1302:320
1289,1264:1134
1289,1290:1181
1289,1265:1087
1289,254:260
1289,164:64
1289,1280:812
1289,1302:266
1289,342:19
1264,1265:1080
1264,1289:1134
1264,1290:810
1264,254:187
1264,1280:1379
1264,164:54
1264,1302:467
1264,1206:109
1265,1290:1237
1265,1264:1080
1265,1265:748
1265,1289:1087
1265,1280:1194
1265,1302:396
1265,254:287
1265,164:66
1265,342:23
1265,1206:52
1290,1206:55
1280,1302:1827
1280,1265:1194
1280,1019:161
1280,1290:720
1280,342:95
1280,1264:1379
1280,1206:259
1280,1289:812
1280,881:332
1280,254:168
1302,1019:979
1302,1280:1827
1302,1302:3342
1302,1265:396
1302,342:762
1302,1290:320
1302,1206:1701
1302,1083:373
1302,1264:467
1302,881:1119
1302,1289:266
1302,1082:97
1019,1302:979
1019,1280:161
1019,1206:149
1019,881:113
1302,1079:159
342,1206:969
342,1302:762
342,1083:141
342,881:160
342,1280:95
342,1265:23
342,1079:76
342,1289:19
1206,1083:1605
1206,342:969
1206,881:1006
1206,1302:1701
1206,1019:149
1206,1082:520
1206,1280:259
1206,1265:52
1206,1290:55
1206,1079:993
1206,1264:109
1206,1080:509
1083,881:900
1083,1206:1605
1083,1083:2228
1083,342:141
1083,1082:1706
1083,1302:373
1083,1079:1233
1083,1080:1630
881,1083:900
881,1082:279
881,1206:1006
881,342:160
881,1302:1119
881,1019:113
881,1079:234
881,1280:332
881,1080:261
1082,1083:1706
1082,1082:860
1082,881:279
1082,1079:527
1082,1206:520
1082,1080:1207
1082,1302:97
1079,1083:1233
1079,1080:524
1079,1082:527
1079,881:234
1079,1206:993
1079,342:76
1079,1302:159
1080,1083:1630
1080,1079:524
1080,1082:1207
1080,881:261
1080,1206:509
7,58:480
7,0:1169
58,0:1238
58,7:480
0,58:1238
0,7:1169
0,19:1860
0,130:1174
0,8:1140
0,112:1773
0,1314:1019
19,0:1860
0,1309:767
94,130:65
94,1547:51
94,8:32
94,112:45
0,1315:1278
130,1547:813
130,0:1174
130,8:103
130,94:65
1547,8:957
1547,130:813
1547,94:51
1547,52:138
8,0:1140
8,1547:957
8,130:103
8,94:32
8,52:107
8,1315:28
0,1660:505
0,84:1538
0,261:1213
112,1314:1670
112,0:1773
112,112:1316
112,1309:1021
112,52:2592
112,1315:400
112,1660:168
112,94:45
112,84:756
112,261:218
1314,112:1670
1314,1309:1062
1314,0:1019
1314,52:2532
1314,1315:458
1314,1660:187
1314,84:827
1314,261:223
1309,52:1557
1309,112:1021
1309,1315:337
1309,1314:1062
1309,1660:207
1309,84:833
1309,0:767
1309,261:151
52,1315:1551
52,1309:1557
52,1660:565
52,112:2592
52,84:1884
52,1314:2532
52,261:1156
52,978:62
52,8:107
52,184:60
52,1547:138
1315,1660:979
1315,52:1551
1315,84:1179
1315,1309:337
1315,112:400
1315,261:394
1315,1314:458
1315,0:1278
1315,8:28
1660,84:808
1660,1315:979
1660,52:565
1660,261:214
1660,1309:207
1660,112:168
1660,1314:187
1660,0:505
84,52:1884
84,1660:808
84,261:340
84,1315:1179
84,1309:833
84,112:756
84,1314:827
84,0:1538
261,978:1887
261,52:1156
261,184:1900
261,84:340
261,1660:214
261,1315:394
261,1309:151
261,112:218
261,1314:223
261,0:1213
978,184:756
978,261:1887
978,978:592
978,52:62
978,177:150
978,389:63
184,978:756
184,184:568
184,261:1900
184,52:60
184,177:142
184,389:90
184,988:113
177,184:142
177,988:52
177,978:150
261,950:1156
389,988:611
389,389:318
389,1657:528
389,184:90
389,978:63
389,967:194
389,950:86
389,956:16
988,389:611
988,1657:173
988,177:52
988,184:113
988,196:82
988,950:385
988,956:39
389,952:82
1657,389:528
1657,988:173
967,389:194
261,956:227
261,952:227
261,955:123
196,950:758
196,956:101
196,952:148
196,955:103
196,988:82
950,956:904
950,196:758
950,950:2364
950,261:1156
950,952:1066
950,955:867
950,389:86
950,52:150
950,988:385
956,950:904
956,952:135
956,196:101
956,261:227
956,955:113
956,956:2054
956,389:16
956,52:951
956,1317:62
956,988:39
956,1313:105
952,950:1066
952,955:92
952,956:135
952,196:148
952,261:227
952,389:82
955,950:867
955,956:113
955,952:92
955,196:103
955,261:123
956,1315:111
52,1317:742
52,956:951
52,950:150
52,1483:277
1317,52:742
1317,1313:84
1317,956:62
1317,1315:92
1313,1315:848
1313,1483:143
1313,1317:84
1313,956:105
1313,261:150
1315,1483:931
1315,1313:848
1315,1482:183
1315,1317:92
1315,1315:1484
1315,956:111
1315,55:407
1483,1482:719
1483,1315:931
1483,1483:1608
1483,1313:143
1483,52:277
1483,55:58
1483,261:178
1482,1483:719
1482,1315:183
1482,261:103
55,261:166
55,1315:407
55,1483:58
52,225:47
261,191:1455
261,940:1579
261,55:166
261,1313:150
261,1483:178
261,1482:103
191,940:619
191,261:1455
191,225:591
940,225:735
940,191:619
940,261:1579
940,980:53
225,940:735
