137.00111254578084
0,121:2669
0,2529:654
0,2423:704
0,2422:417
0,2114:155
121,2529:1053
121,0:2669
121,121:2132
121,2423:1192
121,2422:729
121,2114:293
121,680:141
121,676:71
2529,121:1053
2529,2423:316
2529,0:654
2529,2422:177
2529,2114:81
2529,676:24
2423,2422:1019
2423,121:1192
2423,2114:491
2423,2529:316
2423,680:198
2423,0:704
2423,676:122
2422,2114:1208
2422,2423:1019
2422,680:542
2422,121:729
2422,2529:177
2422,676:337
2422,0:417
2114,680:1342
2114,2422:1208
2114,2114:1102
2114,2423:491
2114,121:293
2114,676:928
2114,2529:81
2114,0:155
2114,688:81
680,2114:1342
680,680:1354
680,2422:542
680,676:1663
680,2423:198
680,684:143
680,121:141
680,688:170
680,685:144
2114,1024:12
676,684:1023
676,680:1663
676,676:5294
676,2114:928
676,688:1229
676,2422:337
676,2423:122
676,685:941
676,121:71
676,1024:447
676,2529:24
676,1025:52
684,676:1023
684,680:143
684,688:92
688,676:1229
688,685:118
688,680:170
688,1024:37
688,684:92
688,2114:81
676,1131:276
685,1024:1253
685,676:941
685,1025:150
685,688:118
685,870:168
685,680:144
685,1028:155
685,1131:122
1024,1025:913
1024,685:1253
1024,1024:4886
1024,676:447
1024,870:1131
1024,688:37
1024,1028:1051
1024,1131:781
1024,1466:100
1024,2114:12
1025,1024:913
1025,870:105
1025,685:150
1025,676:52
1025,1028:105
870,1024:1131
870,1028:141
870,1025:105
870,870:230
870,685:168
870,1131:925
870,1466:112
1028,1024:1051
1028,870:141
1028,1025:105
1028,685:155
1131,1466:1251
1131,870:925
1131,1465:257
1131,1024:781
1131,1776:328
1131,1777:63
1131,685:122
1131,676:276
1466,1465:741
1466,1131:1251
1466,1466:1344
1466,870:112
1466,1776:1074
1466,1024:100
1466,1777:263
1466,2171:141
1466,2169:77
1465,1466:741
1465,1776:208
1465,1131:257
1466,1471:342
1776,1777:1155
1776,1466:1074
1776,2171:519
1776,1465:208
1776,2169:262
1776,2165:446
1776,1131:328
1776,1471:262
1777,2171:1311
1777,1776:1155
1777,2169:756
1777,1466:263
1777,2165:1086
1777,1131:63
1777,1777:1142
1777,1471:600
1777,2172:351
2171,2169:1213
2171,1777:1311
2171,2165:1005
2171,1776:519
2171,1466:141
2171,2171:1684
2171,1471:1535
2171,2172:995
2169,2165:1030
2169,2171:1213
2169,2169:668
2169,1777:756
2169,1776:262
2169,1466:77
2169,1471:501
2169,2172:347
2165,2169:1030
2165,2165:994
2165,2171:1005
2165,1777:1086
2165,1776:446
2165,1471:346
2165,2172:269
2165,2170:355
2169,2170:174
2169,1778:128
2165,1778:261
2165,1685:139
1777,2170:988
1777,1778:715
1777,1685:518
2171,2170:399
2171,1778:276
2171,1685:194
1471,2171:1535
1471,2172:461
1471,1777:600
1471,2165:346
1471,2169:501
1471,2170:171
1471,1776:262
1471,1466:342
2172,2171:995
2172,1777:351
2172,1471:461
2172,2170:112
2172,1778:83
2172,1685:62
2172,2165:269
2172,2169:347
2172,1776:101
2172,1792:154
2171,1792:279
2171,2086:436
1777,1046:234
1777,1048:153
1777,1792:267
1777,2086:292
2170,1778:1280
2170,1777:988
2170,1685:1245
2170,2171:399
2170,2172:112
2170,1776:788
2170,1046:160
2170,1471:171
2170,2086:130
2170,2165:355
2170,2169:174
1778,1685:1333
1778,2170:1280
1778,1778:1194
1778,1777:715
1778,1776:1344
1778,2171:276
1778,1046:291
1778,2172:83
1778,1792:148
1778,2086:196
1778,2165:261
1778,2169:128
1685,1778:1333
1685,1776:598
1685,2170:1245
1685,1046:119
1685,1777:518
1685,2171:194
1685,2172:62
1685,2165:139
1776,1046:1001
1776,1778:1344
1776,1048:502
1776,1685:598
1776,1792:423
1776,2086:201
1776,2170:788
1776,1053:113
1776,2172:101
1046,1048:959
1046,1776:1001
1046,1792:553
1046,1778:291
1046,2086:169
1046,1685:119
1046,2170:160
1046,1053:247
1046,1777:234
1048,1792:1292
1048,1046:959
1048,2086:347
1048,1776:502
1048,1048:1200
1048,1053:1291
1048,1934:234
1048,747:98
1048,1777:153
1048,745:293
1792,2086:1430
1792,1048:1292
1792,1792:2288
1792,1046:553
1792,1776:423
1792,1053:378
1792,1778:148
1792,745:76
1792,1777:267
1792,2171:279
1792,2172:154
2086,1792:1430
2086,1048:347
2086,1046:169
2086,1776:201
2086,1778:196
2086,2170:130
2086,1777:292
2086,2171:436
1053,1934:1240
1053,1048:1291
1053,747:508
1053,1792:378
1053,745:1141
1053,1711:167
1053,1046:247
1053,1776:113
1934,747:709
1934,1053:1240
1934,745:555
1934,1048:234
1934,296:294
747,745:1047
747,1934:709
747,1711:130
747,1053:508
747,1048:98
747,1790:111
747,296:189
745,1711:1153
745,747:1047
745,745:4894
745,1934:555
745,1790:970
745,1053:1141
745,1048:293
745,1792:76
745,296:1377
745,1230:1243
1711,745:1153
1711,1790:119
1711,747:130
1711,1711:332
1711,1053:167
1711,296:835
1711,1230:1219
1711,1708:92
745,1708:86
1790,745:970
1790,1711:119
1790,747:111
1790,296:143
745,1706:147
745,1227:227
1711,1706:163
1711,1227:242
1711,1713:199
745,1713:169
296,1711:835
296,1230:965
296,745:1377
296,1708:50
296,1706:112
296,1790:143
296,1227:180
296,1713:158
296,747:189
296,1934:294
1230,1708:1109
1230,1711:1219
1230,1230:8426
1230,296:965
1230,1706:1902
1230,1227:3046
1230,745:1243
1230,1713:2747
1230,1209:763
1230,1302:300
1708,1230:1109
1708,1706:124
1708,1711:92
1708,1227:200
1708,296:50
1708,1713:188
1708,745:86
1708,1708:292
1708,1209:921
1708,1302:327
1230,925:22
1706,1227:1306
1706,1230:1902
1706,1713:1276
1706,1708:124
1706,1706:484
1706,1711:163
1706,296:112
1706,745:147
1227,1713:2416
1227,1706:1306
1227,1230:3046
1227,1708:200
1227,1209:101
1227,1711:242
1227,296:180
1227,745:227
1713,1706:1276
1713,1227:2416
1713,1230:2747
1713,1708:188
1713,1209:99
1713,1711:199
1713,296:158
1713,745:169
1209,1302:1722
1209,1708:921
1209,925:103
1209,1230:763
1209,1713:99
1209,1227:101
1302,925:888
1302,1209:1722
1302,1708:327
1302,1230:300
925,1302:888
925,1209:103
925,1230:22
1,99:871
1,1857:139
99,1857:1178
99,1:871
99,53:320
99,192:201
1857,53:990
1857,99:1178
1857,192:618
1857,1:139
1857,84:163
1857,1315:189
53,192:1051
53,1857:990
53,84:272
53,99:320
53,1660:102
53,1315:277
53,1661:226
192,84:1307
192,53:1051
192,1660:706
192,1857:618
192,1315:1621
192,99:201
192,192:1924
192,1661:1189
192,1319:237
84,1660:1092
84,192:1307
84,1315:1563
84,53:272
84,1857:163
84,1661:278
84,84:1584
84,1319:1076
84,1959:1334
1660,1315:1206
1660,84:1092
1660,192:706
1660,1661:118
1660,53:102
1660,1660:616
1660,1319:228
1660,1959:266
1315,192:1621
1315,1660:1206
1315,1661:324
1315,84:1563
1315,53:277
1315,1857:189
1315,1319:373
1315,1959:557
1315,52:1656
192,1959:266
192,52:813
192,1312:175
1661,192:1189
1661,84:278
1661,1315:324
1661,1660:118
1661,1319:30
1661,53:226
1661,52:147
84,52:2662
84,1312:733
84,449:147
1660,52:651
1660,1312:169
1319,1959:1279
1319,84:1076
1319,1319:548
1319,1660:228
1319,52:1864
1319,1312:760
1319,192:237
1319,449:157
1319,1661:30
1319,1316:106
1319,1315:373
1959,1319:1279
1959,52:4357
1959,84:1334
1959,1312:2205
1959,1660:266
1959,449:485
1959,192:266
1959,1316:242
1959,1315:557
1959,1211:146
52,1312:3083
52,1319:1864
52,449:616
52,1959:4357
52,1316:360
52,84:2662
52,1660:651
52,1211:191
52,192:813
52,1661:147
52,1315:1656
1312,449:1198
1312,52:3083
1312,1312:1918
1312,1319:760
1312,1316:601
1312,1959:2205
1312,84:733
1312,1211:420
1312,1660:169
1312,192:175
449,1312:1198
449,1316:141
449,52:616
449,1319:157
449,449:1376
449,1959:485
449,1211:1284
449,84:147
449,1237:236
449,200:40
1316,1312:601
1316,449:141
1316,52:360
1316,1319:106
1316,1959:242
449,872:36
1211,449:1284
1211,1211:4190
1211,1312:420
1211,1237:1497
1211,200:178
1211,865:72
1211,872:307
1211,810:21
1211,52:191
1211,1959:146
1237,200:1258
1237,1211:1497
1237,865:487
1237,449:236
1237,872:1823
1237,810:195
1237,1218:155
1237,1158:321
1237,933:23
200,865:1115
200,1237:1258
200,872:1357
200,1211:178
200,810:178
200,449:40
200,1158:242
200,261:1418
865,872:1453
865,200:1115
865,810:170
865,1237:487
865,1211:72
865,1218:112
865,1158:229
865,261:344
872,810:1382
872,865:1453
872,872:4526
872,200:1357
872,1218:1063
872,1237:1823
872,1211:307
872,1158:2033
872,449:36
872,946:451
872,933:70
872,261:505
810,872:1382
810,1218:126
810,865:170
810,200:178
810,1158:254
810,1237:195
810,1211:21
1218,872:1063
1218,1158:223
1218,810:126
1218,946:150
1218,865:112
1218,261:189
1218,1237:155
1158,946:1121
1158,872:2033
1158,933:174
1158,1218:223
1158,261:236
1158,810:254
1158,865:229
1158,200:242
1158,1237:321
946,933:610
946,1158:1121
946,261:747
946,872:451
946,1218:150
946,377:187
946,714:204
933,261:1218
933,946:610
933,1158:174
933,872:70
933,1237:23
261,250:1401
261,933:1218
261,377:2018
261,946:747
261,1158:236
261,872:505
261,1218:189
261,714:1184
261,865:344
261,200:1418
250,377:1663
250,261:1401
250,714:210
250,1698:28
377,407:1017
377,250:1663
377,377:40954
377,261:2018
377,440:1368
377,714:7684
377,946:187
377,5:178
377,1698:884
377,746:172
407,377:1017
407,714:103
377,435:1326
440,714:1127
440,377:1368
714,5:1284
714,440:1127
714,714:25762
714,377:7684
714,1698:1404
714,407:103
714,746:1182
714,250:210
714,261:1184
714,435:1124
714,946:204
714,753:1877
714,2645:1108
5,714:1284
5,377:178
714,2646:1031
1698,714:1404
1698,435:52
1698,377:884
1698,753:45
1698,2645:17
1698,250:28
1698,2646:12
746,714:1182
746,377:172
435,714:1124
435,1698:52
435,377:1326
753,2645:1906
753,714:1877
753,753:1730
753,2646:1785
753,1698:45
2645,753:1906
2645,2646:1679
2645,714:1108
2645,2645:1444
2645,1698:17
2646,2645:1679
2646,753:1785
2646,2646:1246
2646,714:1031
2646,1698:12
2646,737:25
2645,737:37
2646,739:37
753,737:69
753,759:20
753,739:81
714,737:2442
714,759:927
714,739:3027
737,759:932
737,714:2442
737,739:1528
737,753:69
737,2645:37
737,2646:25
759,739:1142
759,737:932
759,714:927
759,753:20
739,759:1142
739,737:1528
739,714:3027
739,753:81
739,2646:37
2,0:1777
0,31:2077
0,2:1777
0,0:74460
0,114:2570
0,99:3832
0,67:1004
0,1170:451
0,1905:223
0,1169:419
0,1168:1150
31,0:2077
114,99:1290
114,0:2570
114,67:332
114,1170:105
114,1905:48
114,1169:79
114,1168:162
114,1906:14
99,67:1699
99,114:1290
99,1170:495
99,0:3832
99,1905:237
99,1169:349
99,1168:706
99,1906:59
67,1170:1461
67,99:1699
67,1905:793
67,114:332
67,1169:1213
67,0:1004
67,1168:1921
67,1906:253
1170,1905:1285
1170,67:1461
1170,1169:1640
1170,99:495
1170,1168:1704
1170,114:105
1170,1170:1168
1170,0:451
1170,1906:362
1905,1169:1997
1905,1170:1285
1905,1168:1218
1905,67:793
1905,99:237
1905,1905:934
1905,114:48
1905,0:223
1905,1906:506
1169,1168:2560
1169,1905:1997
1169,1170:1640
1169,67:1213
1169,1169:4380
1169,99:349
1169,1906:1579
1169,114:79
1169,0:419
1168,1170:1704
1168,1169:2560
1168,1905:1218
1168,1906:673
1168,67:1921
1168,99:706
1168,114:162
1168,0:1150
1169,1857:55
1906,1169:1579
1906,1905:506
1906,1170:362
1906,1168:673
1906,67:253
1906,99:59
1906,114:14
1906,1857:11
1905,1857:29
1170,1857:76
1170,1856:402
1905,1856:179
1170,2333:309
67,1857:313
67,134:207
67,1856:1452
67,67:2108
67,2333:971
99,99:2268
99,134:760
99,1856:1655
99,2333:369
114,1857:1215
114,134:156
114,1856:254
1857,114:1215
1857,134:148
1857,67:313
1857,1856:242
1857,1170:76
1857,1905:29
1857,1168:130
1857,1169:55
1857,1906:11
1857,0:1835
99,72:139
134,99:760
134,1856:176
134,1857:148
134,67:207
134,114:156
134,0:1449
99,1806:61
1856,67:1452
1856,99:1655
1856,2333:335
1856,134:176
1856,1168:575
1856,1857:242
1856,72:94
1856,114:254
1856,0:1026
1856,1170:402
1856,1905:179
67,72:278
67,160:43
2333,67:971
2333,1168:364
2333,1856:335
2333,99:369
2333,0:194
2333,1170:309
1168,72:774
1168,2333:364
1168,1856:575
1168,160:99
1168,1857:130
72,0:1198
72,1168:774
72,67:278
72,1856:94
72,99:139
0,58:1373
0,72:1198
0,1806:1124
0,2333:194
0,160:4112
0,2110:422
0,1856:1026
0,134:1449
0,2109:328
0,1857:1835
58,1806:699
58,0:1373
58,58:270
1806,58:699
1806,0:1124
1806,99:61
0,2255:710
160,2110:792
160,0:4112
160,160:3456
160,2109:722
160,1168:99
160,67:43
160,2255:1226
160,524:319
2110,160:792
2110,2110:78
2110,0:422
2110,2255:118
160,520:281
160,525:363
160,263:145
2109,160:722
2109,2255:133
2109,0:328
160,795:14
160,1344:13
2255,524:1132
2255,160:1226
2255,520:988
2255,2110:118
2255,525:1061
2255,263:455
2255,2109:133
2255,2004:158
2255,795:55
2255,1344:26
2255,0:710
524,520:1100
524,2255:1132
524,525:472
524,160:319
524,263:185
520,525:1126
520,524:1100
520,263:441
520,2255:988
520,2004:138
520,160:281
525,263:837
525,520:1126
525,2004:322
525,524:472
525,1105:142
525,2255:1061
525,160:363
263,2004:1096
263,525:837
263,1105:500
263,520:441
263,524:185
263,795:406
263,2255:455
263,1344:269
263,160:145
2004,1105:1158
2004,263:1096
2004,2004:1210
2004,525:322
2004,795:1014
2004,520:138
2004,1344:727
2004,1154:155
2004,2255:158
1105,2004:1158
1105,795:415
1105,263:500
1105,1344:278
1105,525:142
795,1344:1157
795,2004:1014
795,1154:331
795,1105:415
795,263:406
795,795:540
795,2255:55
795,160:14
1344,1154:1479
1344,795:1157
1344,1344:2940
1344,2004:727
1344,1105:278
1344,263:269
1344,2255:26
1344,160:13
1154,1344:1479
1154,1154:772
1154,795:331
1154,2004:155
1154,1345:302
1344,1345:1117
795,1345:235
1345,1344:1117
1345,1154:302
1345,795:235
1345,1345:216
3,47:947
3,2534:423
3,1943:300
3,1663:593
3,1938:142
3,2187:339
47,2534:768
47,3:947
47,1943:576
47,1663:1102
47,1938:211
47,2187:329
47,47:462
2534,1943:1143
2534,47:768
2534,1663:788
2534,3:423
2534,1938:234
2534,2187:676
2534,2534:846
1943,1663:1497
1943,2534:1143
1943,1938:582
1943,47:576
1943,2187:1266
1943,3:300
1943,1943:1206
1943,1662:246
1663,1938:983
1663,1943:1497
1663,2187:949
1663,2534:788
1663,47:1102
1663,3:593
1663,1663:2688
1663,1662:894
1938,2187:924
1938,1663:983
1938,1943:582
1938,2534:234
1938,47:211
1938,3:142
1938,1662:149
1938,1549:155
2187,1943:1266
2187,1938:924
2187,2534:676
2187,1663:949
2187,47:329
2187,3:339
2187,1662:155
1943,1549:173
1943,2167:465
2534,1662:116
2534,1549:94
2534,2167:236
2534,1942:1067
47,1662:182
47,1549:176
47,2167:221
47,1942:503
2534,2168:116
47,1937:381
1663,1549:867
1663,2167:1022
1663,1942:1651
1663,2168:207
1663,1937:590
1662,1663:894
1662,1549:95
1662,47:182
1662,2534:116
1662,2167:152
1662,1942:222
1662,2168:33
1662,1943:246
1662,2187:155
1662,1937:82
1662,1938:149
1549,1663:867
1549,2167:131
1549,1662:95
1549,1942:171
1549,2168:22
1549,47:176
1549,2534:94
1549,1943:173
1549,1938:155
2167,1942:1274
2167,1663:1022
2167,2168:161
2167,1549:131
2167,1937:344
2167,1662:152
2167,2534:236
2167,47:221
2167,1943:465
1942,2168:1097
1942,2167:1274
1942,1942:4178
1942,1663:1651
1942,1937:1643
1942,1549:171
1942,2534:1067
1942,47:503
1942,1662:222
2168,1942:1097
2168,1937:214
2168,2167:161
2168,2534:116
2168,1663:207
2168,1549:22
2168,1662:33
1942,3:273
1937,2534:1000
1937,1942:1643
1937,47:381
1937,2168:214
1937,1937:782
1937,2167:344
1937,1663:590
1937,1662:82
1937,3:212
1937,2157:138
2534,1937:1000
2534,2157:144
47,2157:228
47,111:185
3,2157:1640
3,3:2926
3,111:1400
3,1937:212
3,1949:282
3,2136:160
3,1942:273
2157,3:1640
2157,111:291
2157,47:228
2157,2534:144
2157,1949:45
2157,1937:138
2157,148:121
3,148:533
111,3:1400
111,111:3194
111,2157:291
111,1949:1154
111,2136:728
111,47:185
111,148:753
1949,2136:863
1949,111:1154
1949,1949:506
1949,3:282
1949,148:819
1949,2157:45
1949,1946:515
2136,1949:863
2136,2136:1178
2136,111:728
2136,3:160
2136,148:558
2136,1946:1139
2136,9:270
1949,9:98
1949,95:69
2136,95:122
148,1949:819
148,2136:558
148,111:753
148,1946:942
148,9:195
148,95:158
148,3:533
148,80:56
148,2157:121
111,1946:1256
111,9:205
111,95:128
1946,9:856
1946,111:1256
1946,95:383
1946,1949:515
1946,2136:1139
1946,148:942
9,95:1328
9,1946:856
9,80:246
9,111:205
9,1172:210
9,1949:98
9,2136:270
9,148:195
95,80:1466
95,9:1328
95,1172:1130
95,1946:383
95,111:128
95,1171:401
95,1949:69
95,1168:266
95,2136:122
95,148:158
95,1169:102
95,1906:15
80,1172:810
80,95:1466
80,80:912
80,9:246
80,1171:764
80,1168:575
80,1169:245
80,1906:69
80,148:56
1172,80:810
1172,1171:247
1172,95:1130
1172,1168:174
1172,9:210
1171,1168:982
1171,80:764
1171,1171:338
1171,1172:247
1171,1169:490
1171,95:401
1171,1906:118
1171,1905:203
1168,1171:982
1168,1168:2344
1168,80:575
1168,1172:174
1168,95:266
1169,1171:490
1169,80:245
1169,95:102
1906,1906:412
1906,1171:118
1906,80:69
1906,95:15
1906,1885:370
1169,1885:1500
1905,1885:478
1905,1171:203
1885,1169:1500
1885,1905:478
1885,1168:606
1885,1906:370
1168,1885:606
4,0:1402
0,97:1829
0,4:1402
0,124:2629
0,2531:568
0,23:2051
0,125:1696
0,37:1684
97,0:1829
124,2531:788
124,0:2629
124,124:1320
2531,124:788
2531,0:568
0,956:1514
23,0:2051
23,37:39
0,163:2690
0,1167:370
125,37:590
125,0:1696
37,0:1684
37,125:590
37,23:39
0,146:1376
72,1170:244
72,956:249
72,163:71
1168,956:1277
1168,163:405
1170,956:395
1170,72:244
1170,163:125
956,163:1662
956,1168:1277
956,1167:252
956,1170:395
956,146:263
956,72:249
956,0:1514
163,1167:890
163,956:1662
163,163:2478
163,1168:405
163,146:921
163,1170:125
163,0:2690
163,72:71
1167,163:890
1167,146:150
1167,956:252
1167,0:370
146,0:1376
146,163:921
146,1167:150
146,956:263
0,7:1068
0,223:1033
0,714:2146
0,718:39
7,223:690
7,0:1068
223,986:772
223,7:690
223,244:494
223,0:1033
223,714:1100
986,244:786
986,223:772
986,714:150
244,451:1285
244,986:786
244,438:287
244,223:494
244,714:611
451,438:714
451,244:1285
451,714:471
438,714:1073
438,451:714
438,244:287
714,718:1006
714,438:1073
714,451:471
714,398:995
714,244:611
714,986:150
714,747:1062
714,223:1100
714,745:936
714,1711:112
714,0:2146
714,296:162
714,1695:210
714,1049:71
718,714:1006
718,0:39
398,714:995
747,714:1062
747,1695:392
747,1049:118
747,1742:132
745,714:936
745,1695:670
745,1049:224
745,1742:359
745,1047:143
1711,1695:278
1711,714:112
296,1695:985
296,1049:283
296,714:162
296,1742:155
1695,1049:1153
1695,296:985
1695,2491:281
1695,1711:278
1695,745:670
1695,833:318
1695,747:392
1695,714:210
1695,1742:689
1695,1047:136
1695,1052:239
1695,1467:70
1049,2491:866
1049,1695:1153
1049,1049:1620
1049,296:283
1049,833:944
1049,745:224
1049,1742:1822
1049,747:118
1049,1047:387
1049,714:71
1049,1052:553
1049,1467:168
2491,1049:866
2491,833:254
2491,1695:281
2491,1742:415
833,1049:944
833,1742:669
833,2491:254
833,1047:254
833,1695:318
833,1052:323
833,1467:122
1742,1047:1359
1742,1049:1822
1742,1742:4102
1742,833:669
1742,1052:2264
1742,1467:784
1742,2491:415
1742,1471:133
1742,1695:689
1742,296:155
1742,745:359
1742,747:132
1047,1742:1359
1047,1052:556
1047,1049:387
1047,1467:188
1047,833:254
1047,1695:136
1047,745:143
1052,1467:1239
1052,1742:2264
1052,1471:246
1052,1047:556
1052,1049:553
1052,1684:123
1052,833:323
1052,1695:239
1467,1471:1730
1467,1052:1239
1467,1467:3276
1467,1742:784
1467,1468:801
1467,1047:188
1467,1684:915
1467,1464:160
1467,1049:168
1467,833:122
1467,1460:205
1467,1695:70
1471,1467:1730
1471,1468:147
1471,1052:246
1471,1684:156
1471,1742:133
1471,1277:219
1467,1277:1015
1468,1684:770
1468,1467:801
1468,1464:124
1468,1471:147
1468,1460:246
1468,1277:217
1468,227:106
1684,1464:805
1684,1468:770
1684,1684:2134
1684,1467:915
1684,1460:1789
1684,1471:156
1684,1686:603
1684,1052:123
1684,1277:1004
1684,227:128
1464,1684:805
1464,1460:232
1464,1468:124
1464,1467:160
1464,1277:161
1460,1686:1525
1460,1684:1789
1460,1460:3180
1460,1464:232
1460,1277:370
1460,1468:246
1460,1467:205
1686,1460:1525
1686,1684:603
1277,1467:1015
1277,1684:1004
1277,227:165
1277,1460:370
1277,1464:161
1277,1468:217
1277,1471:219
1467,227:1146
1467,186:266
1467,170:136
227,186:622
227,1467:1146
227,170:341
227,1277:165
227,1684:128
227,1468:106
186,170:1504
186,227:622
186,208:44
186,1467:266
170,208:741
170,186:1504
170,170:12430
170,227:341
170,212:1170
170,1467:136
170,988:562
170,389:356
170,854:2158
208,170:741
208,212:23
208,186:44
208,988:14
170,185:2006
170,225:739
212,988:1080
212,170:1170
212,989:179
212,208:23
212,389:237
212,854:1181
212,185:105
988,989:930
988,212:1080
988,988:2830
988,170:562
988,208:14
988,389:994
988,854:1143
988,185:111
989,988:930
989,989:152
989,212:179
989,389:168
989,854:176
988,858:78
389,854:1084
389,988:994
389,185:141
389,989:168
389,212:237
389,170:356
854,185:1323
854,389:1084
854,225:333
854,988:1143
854,989:176
854,854:8544
854,855:1238
854,858:1596
854,212:1181
854,170:2158
185,225:815
185,854:1323
185,185:1474
185,389:141
185,988:111
185,212:105
185,170:2006
225,185:815
225,854:333
225,170:739
855,858:673
855,854:1238
858,855:673
858,854:1596
858,988:78
5,1754:1465
5,49:250
5,1976:337
5,20:99
5,151:92
5,0:2124
5,52:54
1754,49:984
1754,5:1465
1754,1754:2908
1754,1976:1536
1754,20:445
1754,151:434
1754,0:2258
1754,52:106
49,1754:984
49,1976:235
49,5:250
49,20:65
49,0:297
1976,20:1156
1976,1754:1536
1976,1976:2482
1976,49:235
1976,151:1103
1976,0:1034
1976,5:337
1976,52:143
20,1976:1156
20,151:298
20,1754:445
20,0:270
20,49:65
20,5:99
151,0:2283
151,1976:1103
151,52:522
151,20:298
151,1754:434
151,1310:108
151,5:92
151,112:290
0,52:4431
0,151:2283
0,1976:1034
0,20:270
0,1313:381
0,1754:2258
0,1310:592
0,49:297
0,112:2147
0,5:2124
0,1317:752
52,72:827
52,0:4431
52,52:8110
52,151:522
52,1313:1434
52,1976:143
52,1310:1913
52,112:3636
52,1754:106
52,1317:1263
52,5:54
72,52:827
72,112:168
1313,52:1434
1313,1310:305
1313,112:386
1313,0:381
1313,1317:137
1310,112:1080
1310,52:1913
1310,1313:305
1310,1317:155
1310,0:592
1310,151:108
112,52:3636
112,1310:1080
112,1317:236
112,1313:386
112,0:2147
112,72:168
112,151:290
1317,52:1263
1317,0:752
1317,112:236
1317,1310:155
1317,1313:137
0,70:1794
0,152:903
0,122:1211
0,24:1078
0,141:1012
70,152:998
70,0:1794
70,70:982
152,70:998
152,0:903
0,42:2215
0,83:1825
122,0:1211
24,0:1078
0,387:432
141,0:1012
0,377:1485
42,0:2215
2,83:1229
2,2:1316
2,387:960
2,377:1797
83,2:1229
83,83:1958
83,0:1825
83,387:353
83,377:2086
2,429:42
2,419:40
387,377:1797
387,2:960
387,83:353
387,429:39
387,0:432
387,419:46
377,403:1008
377,387:1797
377,2:1797
377,401:1019
377,83:2086
377,429:1558
377,419:2467
377,0:1485
377,426:1511
377,399:1299
403,377:1008
403,419:35
377,411:1861
401,377:1019
377,421:985
429,419:913
429,377:1558
429,387:39
429,2:42
419,377:2467
419,429:913
419,399:55
419,403:35
419,387:46
419,2:40
426,377:1511
426,399:24
426,411:41
426,384:90
377,384:1494
399,377:1299
399,426:24
399,419:55
377,425:2060
411,377:1861
411,250:50
411,426:41
411,425:63
411,714:1422
377,734:176
421,377:985
250,425:48
250,411:50
384,377:1494
384,714:158
384,426:90
425,714:1910
425,377:2060
425,250:48
425,411:63
714,734:1540
714,425:1910
714,1421:521
714,384:158
714,907:833
714,904:404
714,905:361
714,411:1422
734,1421:800
734,714:1540
734,734:1138
734,377:176
734,907:1477
734,904:795
734,905:809
1421,734:800
1421,714:521
1421,907:453
1421,904:217
1421,905:270
1421,1421:236
907,904:2734
907,734:1477
907,905:2764
907,714:833
907,907:2998
907,1421:453
904,905:2345
904,907:2734
904,734:795
904,714:404
904,1421:217
905,907:2764
905,904:2345
905,734:809
905,1421:270
905,714:361
905,2227:1539
907,2227:1791
734,2227:509
1421,2227:166
2227,905:1539
2227,907:1791
2227,734:509
2227,1421:166
6,0:1435
0,154:1661
0,6:1435
0,2674:827
0,48:1964
0,2101:7159
0,138:479
0,1282:167
154,2674:1003
154,0:1661
154,154:994
154,2101:111
2674,154:1003
2674,0:827
0,1280:74
48,2101:1013
48,0:1964
48,138:69
2101,138:1420
2101,48:1013
2101,1282:507
2101,0:7159
2101,154:111
2101,1280:249
138,1282:688
138,2101:1420
138,138:590
138,48:69
138,0:479
138,1280:381
138,1285:94
1282,138:688
1282,1282:336
1282,2101:507
1282,1280:940
1282,1265:130
1282,0:167
1282,1285:237
1282,1284:237
1282,880:151
1282,1264:216
1280,1265:1102
1280,1282:940
1280,1280:3730
1280,138:381
1280,1285:1905
1280,1284:1954
1280,567:325
1280,2101:249
1280,557:109
1280,880:870
1280,0:74
1280,1264:1966
1280,1289:647
1280,1290:303
1265,1280:1102
1265,1285:231
1265,1282:130
1265,1284:227
1265,567:64
1265,557:36
1265,880:307
1265,1264:789
1265,1289:220
1265,1290:109
1265,254:21
1280,254:108
1285,1284:1401
1285,1280:1905
1285,567:181
1285,1265:231
1285,880:247
1285,1282:237
1285,1264:427
1285,138:94
1285,1289:138
1284,567:870
1284,1285:1401
1284,557:151
1284,1280:1954
1284,880:462
1284,1265:227
1284,1264:419
1284,1289:137
1284,1282:237
567,557:770
567,1284:870
567,880:1655
567,1285:181
567,1264:206
567,1280:325
567,1265:64
557,880:1251
557,567:770
557,1264:161
557,1284:151
557,1289:30
557,1280:109
557,1265:36
880,1264:1593
880,557:1251
880,1289:397
880,567:1655
880,1290:163
880,1284:462
880,1285:247
880,1280:870
880,1265:307
880,1282:151
1264,1289:986
1264,880:1593
1264,1290:437
1264,557:161
1264,254:125
1264,567:206
1264,1284:419
1264,1285:427
1264,164:31
1264,1280:1966
1264,1265:789
1264,1282:216
1289,1290:926
1289,1264:986
1289,254:276
1289,880:397
1289,1814:51
1289,557:30
1289,164:78
1289,1284:137
1289,1285:138
1289,1280:647
1289,1265:220
1290,254:1166
1290,1289:926
1290,1814:246
1290,1264:437
1290,880:163
1290,164:387
1290,1280:303
1290,1265:109
254,1814:804
254,1290:1166
254,254:788
254,1289:276
254,164:1133
254,1264:125
254,1280:108
254,1265:21
1814,254:804
1814,164:413
1814,1290:246
1814,1289:51
164,247:869
164,254:1133
164,249:493
164,1814:413
164,936:426
164,800:103
164,1290:387
164,1289:78
164,1264:31
247,249:666
247,164:869
247,936:221
247,800:37
249,936:1078
249,247:666
249,800:136
249,164:493
936,800:769
936,249:1078
936,797:259
936,247:221
936,164:426
800,797:784
800,936:769
800,249:136
800,247:37
800,164:103
797,564:902
797,800:784
797,1879:419
797,936:259
797,884:174
797,790:138
564,1879:998
564,797:902
564,884:496
564,512:152
564,790:333
564,875:96
1879,884:2178
1879,564:998
1879,787:392
1879,797:419
1879,512:700
1879,790:1450
1879,875:345
884,787:1600
884,1879:2178
884,512:1629
884,564:496
884,786:198
884,797:174
884,790:1865
884,875:472
884,1179:58
787,512:1472
787,884:1600
787,786:183
787,1879:392
787,790:445
512,786:1013
512,787:1472
512,512:3866
512,884:1629
512,790:1256
512,1879:700
512,875:292
512,564:152
512,342:13
512,1302:65
786,512:1013
786,790:170
786,787:183
786,884:198
790,875:855
790,512:1256
790,886:134
790,786:170
790,1179:130
790,1206:121
790,787:445
790,884:1865
790,1302:172
790,1879:1450
790,564:333
790,797:138
875,886:1256
875,790:855
875,1179:1305
875,512:292
875,1206:1046
875,342:214
875,1302:1672
875,1204:338
875,884:472
875,1879:345
875,1281:168
875,564:96
875,1285:164
875,1280:306
886,1179:1058
886,875:1256
886,1206:578
886,790:134
886,342:88
886,1302:413
886,1280:69
1179,1206:2214
1179,886:1058
1179,342:264
1179,875:1305
1179,1302:559
1179,790:130
1179,1281:39
1179,1280:67
1179,884:58
1206,342:1301
1206,1179:2214
1206,1302:2164
1206,886:578
1206,1204:479
1206,875:1046
1206,790:121
1206,1281:176
1206,1285:171
1206,1280:329
1206,864:354
342,1302:1284
342,1206:1301
342,1204:185
342,1179:264
342,886:88
342,875:214
342,1280:217
342,512:13
342,1202:300
1302,1204:1694
1302,342:1284
1302,1302:4644
1302,1206:2164
1302,1281:1156
1302,1179:559
1302,1285:988
1302,886:413
1302,1280:2338
1302,875:1672
1302,790:172
1302,512:65
1302,864:397
1302,1202:1853
1302,1210:1065
1204,1302:1694
1204,1281:157
1204,342:185
1204,1206:479
1204,1280:291
1204,875:338
1204,864:148
1204,1202:1193
1204,1210:233
1302,1019:1404
1281,1285:934
1281,1302:1156
1281,1280:1357
1281,1204:157
1281,875:168
1281,1206:176
1281,1202:218
1281,1179:39
1281,1019:139
1281,355:97
1285,1281:934
1285,1302:988
1285,875:164
1285,1202:305
1285,1206:171
1285,1019:93
1280,1302:2338
1280,875:306
1280,1281:1357
1280,864:82
1280,1202:466
1280,1204:291
1280,1210:169
1280,342:217
1280,1019:265
1280,1206:329
1280,355:201
1280,1179:67
1280,886:69
1302,355:997
1302,1194:216
875,864:1158
875,1202:2021
875,1210:334
875,1019:168
875,355:137
864,1202:1113
864,875:1158
864,1210:181
864,1302:397
864,1280:82
864,1206:354
864,1204:148
1202,1210:1015
1202,864:1113
1202,1302:1853
1202,875:2021
1202,1019:150
1202,355:137
1202,1280:466
1202,1285:305
1202,1206:1751
1202,1281:218
1202,1194:205
1202,1204:1193
1202,342:300
1210,1302:1065
1210,1202:1015
1210,1019:99
1210,864:181
1210,355:67
1210,875:334
1210,1206:638
1210,1280:169
1210,1204:233
1302,1181:349
1019,355:779
1019,1302:1404
1019,1210:99
1019,1206:212
1019,1202:150
1019,875:168
1019,1280:265
1019,1285:93
1019,1281:139
355,1302:997
355,1019:779
355,1206:157
355,1210:67
355,1202:137
355,875:137
355,1280:201
355,1281:97
1206,1194:1256
1206,771:108
1206,355:157
1206,1019:212
1206,1206:5246
1206,1181:1746
1206,1210:638
1206,1202:1751
1194,771:1396
1194,1206:1256
1194,1194:7614
1194,1302:216
1194,1181:179
1194,1179:277
1194,1202:205
1194,342:136
771,1194:1396
771,1206:108
1194,1387:197
1206,1387:1694
1181,1179:1631
1181,1206:1746
1181,1194:179
1181,1181:984
1181,1302:349
1181,342:198
1181,1387:249
1179,1181:1631
1179,1194:277
1179,1387:286
1206,1209:381
1302,1387:295
342,1387:220
342,1181:198
342,342:918
342,1209:148
342,1194:136
1387,1206:1694
1387,342:220
1387,1302:295
1387,1181:249
1387,1179:286
1387,1194:197
1209,342:148
1209,1206:381
7,261:190
223,203:935
223,223:7108
223,978:1415
223,184:1304
223,206:428
223,1668:76
223,261:5138
223,936:1088
203,223:935
203,184:114
203,261:1325
203,936:137
978,184:870
978,223:1415
978,206:314
978,261:1387
978,936:1053
184,206:840
184,978:870
184,1668:171
184,223:1304
184,203:114
184,261:2188
184,184:584
184,936:1225
206,1668:591
206,184:840
206,206:900
206,978:314
206,261:2295
206,223:428
206,936:1145
1668,206:591
1668,261:417
1668,184:171
1668,936:226
1668,223:76
206,185:125
261,184:2188
261,206:2295
261,936:4449
261,1668:417
261,978:1387
261,223:5138
261,261:27598
261,203:1325
261,185:2741
261,178:387
261,7:190
184,185:125
936,206:1145
936,184:1225
936,261:4449
936,936:2208
936,1668:226
936,185:248
936,978:1053
936,223:1088
936,203:137
184,966:39
936,200:129
261,966:911
261,235:234
185,178:715
185,261:2741
185,936:248
185,206:125
185,184:125
185,200:133
178,185:715
178,261:387
261,272:1037
966,261:911
966,184:39
200,235:843
200,200:912
200,1161:158
200,185:133
200,936:129
235,200:843
235,872:308
235,261:234
872,1161:1739
872,1646:491
872,235:308
872,293:237
872,272:138
1161,1646:1294
1161,872:1739
1161,293:620
1161,200:158
1161,272:385
1161,265:28
1646,293:913
1646,1161:1294
1646,272:666
1646,872:491
1646,265:64
1646,619:28
293,272:1133
293,1646:913
293,265:92
293,1161:620
293,872:237
293,619:59
272,265:2024
272,293:1133
272,272:16390
272,1646:666
272,276:1243
272,1161:385
272,303:728
272,872:138
272,619:1948
272,261:1037
265,272:2024
265,293:92
265,1646:64
265,619:97
265,1161:28
272,281:1692
272,2411:875
276,303:647
276,272:1243
276,619:695
276,276:324
303,619:1241
303,276:647
303,303:374
303,272:728
619,303:1241
619,276:695
619,272:1948
619,265:97
619,281:113
619,293:59
619,1646:28
272,267:1629
272,308:967
272,291:2325
272,1719:779
281,2411:1082
281,272:1692
281,281:1096
281,619:113
2411,281:1082
2411,272:875
272,1725:133
272,1721:155
267,272:1629
272,1186:124
272,1185:108
308,272:967
308,1719:45
291,1719:1558
291,272:2325
291,1725:321
291,1721:375
291,1186:319
291,1185:274
1719,1725:2793
1719,291:1558
1719,1721:3320
1719,272:779
1719,308:45
1719,1719:7934
1719,1186:2859
1719,1185:2799
1725,1721:1343
1725,1719:2793
1725,1725:1226
1725,291:321
1725,272:133
1725,1186:744
1725,1185:862
1725,1187:1648
1721,1725:1343
1721,1719:3320
1721,1186:926
1721,291:375
1721,1185:830
1721,272:155
1721,1187:1055
1721,1849:230
1725,1849:369
1719,1187:3195
1719,1849:672
1186,1185:1244
1186,1719:2859
1186,1725:744
1186,1186:992
1186,1721:926
1186,1187:962
1186,291:319
1186,1849:197
1186,272:124
1185,1719:2799
1185,1186:1244
1185,1185:982
1185,1725:862
1185,1721:830
1185,1187:1525
1185,1849:337
1185,291:274
1185,272:108
1186,2582:1544
1185,2582:1059
1185,1723:419
1719,2582:3728
1719,1723:1816
1719,1720:2795
1187,1849:843
1187,1719:3195
1187,1187:1994
1187,1185:1525
1187,1186:962
1187,2582:1030
1187,1723:467
1187,1725:1648
1187,1720:745
1187,1721:1055
1849,1187:843
1849,1849:186
1849,1719:672
1849,1185:337
1849,1186:197
1849,2582:216
1849,1720:174
1849,1721:230
1849,1725:369
1185,1720:663
1186,1723:590
1186,1720:708
2582,1723:1353
2582,1186:1544
2582,1720:1366
2582,1185:1059
2582,1721:1753
2582,1187:1030
2582,1849:216
2582,2582:1782
2582,1719:3728
1723,1720:1169
1723,2582:1353
1723,1721:892
1723,1186:590
1723,1185:419
1723,1187:467
1723,1719:1816
1720,1721:1444
1720,1723:1169
1720,1720:1130
1720,2582:1366
1720,1186:708
1720,1185:663
1720,1187:745
1720,1849:174
1720,1719:2795
1721,1720:1444
1721,1721:1338
1721,1723:892
1721,2582:1753
8,164:783
8,261:171
164,8:783
164,261:4105
164,223:758
164,184:198
247,261:1436
247,223:153
247,184:69
249,261:3417
249,223:375
249,184:223
261,249:3417
261,983:193
261,247:1436
261,164:4105
261,8:171
261,226:438
261,397:281
261,427:553
223,983:938
223,249:375
223,247:153
223,164:758
223,226:1212
223,397:997
223,427:1461
983,223:938
983,261:193
983,397:45
983,427:62
983,415:39
223,415:1063
223,377:2438
184,427:129
184,249:223
184,247:69
184,164:198
184,377:214
223,429:119
223,419:517
226,223:1212
226,261:438
226,377:134
223,1344:141
397,427:668
397,223:997
397,415:202
397,377:1520
397,983:45
397,419:55
397,261:281
427,223:1461
427,397:668
427,427:568
427,415:694
427,377:2357
427,184:129
427,419:76
427,983:62
427,261:553
415,377:1579
415,427:694
415,429:36
415,223:1063
415,419:70
415,397:202
415,983:39
377,415:1579
377,427:2357
377,1344:557
377,223:2438
377,549:93
377,397:1520
377,226:134
377,184:214
429,1344:270
429,415:36
429,549:68
429,223:119
419,1344:1554
419,549:382
419,540:86
419,415:70
419,528:326
419,427:76
419,223:517
419,547:22
419,397:55
1344,549:1351
1344,419:1554
1344,540:361
1344,429:270
1344,528:720
1344,377:557
1344,547:56
1344,223:141
549,540:1218
549,1344:1351
549,528:2479
549,419:382
549,537:160
549,429:68
549,377:93
549,547:150
549,544:131
549,546:53
540,528:2052
540,549:1218
540,1344:361
540,419:86
540,547:144
528,537:1672
528,540:2052
528,528:13156
528,549:2479
528,547:1984
528,1344:720
528,419:326
528,544:1589
528,546:877
528,1129:1230
528,686:362
528,1525:199
537,528:1672
537,547:83
537,549:160
537,546:49
537,1129:77
537,1525:11
528,778:118
547,528:1984
547,544:135
547,537:83
547,546:80
547,1129:82
547,540:144
547,686:23
547,549:150
547,1344:56
547,419:22
528,760:175
544,546:837
544,528:1589
544,1129:537
544,547:135
544,686:201
544,549:131
546,1129:1265
546,544:837
546,686:283
546,528:877
546,547:80
546,1525:191
546,778:92
546,537:49
546,549:53
1129,686:874
1129,546:1265
1129,1129:1714
1129,544:537
1129,1525:790
1129,528:1230
1129,778:472
1129,547:82
1129,537:77
1129,760:201
686,1129:874
686,1525:152
686,546:283
686,778:97
686,544:201
686,528:362
686,547:23
1525,778:1114
1525,1129:790
1525,2001:193
1525,686:152
1525,760:291
1525,546:191
1525,528:199
1525,537:11
778,2001:1102
778,1525:1114
778,778:3602
778,1129:472
778,760:1498
778,686:97
778,518:125
778,1194:343
778,546:92
778,528:118
2001,778:1102
2001,760:248
2001,1525:193
760,518:1718
760,778:1498
760,1194:4594
760,2001:248
760,1198:252
760,742:121
760,1525:291
760,714:307
760,1129:201
760,528:175
518,1194:1866
518,760:1718
518,1198:135
518,778:125
518,742:56
1194,1198:971
1194,518:1866
1194,742:621
1194,760:4594
1194,714:289
1194,778:343
1198,742:745
1198,1194:971
1198,714:262
1198,518:135
1198,760:252
742,714:1233
742,1198:745
742,1194:621
742,518:56
742,760:121
714,722:1515
714,742:1233
714,1198:262
714,750:2020
714,1194:289
714,735:1507
714,760:307
714,1867:758
714,1868:257
714,1607:161
722,714:1515
722,750:108
722,735:41
750,714:2020
750,722:108
735,1867:1169
735,714:1507
735,1868:478
735,1607:263
735,722:41
735,1795:142
1867,1868:1060
1867,735:1169
1867,1607:636
1867,714:758
1867,1795:278
1868,1607:906
1868,1867:1060
1868,1868:634
1868,735:478
1868,714:257
1868,1795:430
1607,1868:906
1607,1607:748
1607,1867:636
1607,735:263
1607,714:161
1607,1795:991
1607,1529:158
1607,740:41
1795,1529:998
1795,1607:991
1795,740:252
1795,1868:430
1795,714:237
1795,1732:8
1795,1867:278
1795,735:142
1529,740:848
1529,1795:998
1529,714:386
1529,1607:158
740,714:1451
740,1529:848
740,1795:252
740,1607:41
714,741:1566
714,740:1451
714,1732:717
714,1529:386
714,1736:137
714,1795:237
714,1497:130
741,1732:1582
741,714:1566
741,1736:322
741,1497:65
741,1993:10
1732,1736:1471
1732,741:1582
1732,1886:443
1732,714:717
1732,2477:173
1732,1795:8
1732,1497:316
1732,1993:58
1736,1886:1653
1736,1732:1471
1736,2477:834
1736,741:322
1736,714:137
1736,1736:2122
1736,1497:1163
1736,1993:237
1886,2477:1470
1886,1736:1653
1886,1886:1742
1886,1732:443
1886,1497:349
2477,1886:1470
2477,2477:782
2477,1736:834
2477,1732:173
2477,1497:161
1736,1988:192
1736,1990:330
1497,1993:723
1497,1736:1163
1497,134:252
1497,1886:349
1497,2477:161
1497,1988:335
1497,1990:174
1497,1732:316
1497,741:65
1497,714:130
1993,134:591
1993,1497:723
1993,1993:430
1993,1736:237
1993,1988:832
1993,1990:269
1993,1732:58
1993,741:10
134,1993:591
134,1988:351
134,1497:252
1988,1990:1439
1988,1993:832
1988,2357:239
1988,134:351
1988,1497:335
1988,1736:192
1990,2357:779
1990,1988:1439
1990,1990:1508
1990,1993:269
1990,1497:174
1990,1736:330
2357,1990:779
2357,2357:228
2357,1988:239
9,3:44
9,0:776
9,106:131
1946,1946:1214
1946,31:226
1946,3:291
1946,0:1532
2136,31:112
2136,0:1503
148,31:762
148,0:2771
31,3:1162
31,148:762
31,1946:226
31,2136:112
3,0:3802
3,31:1162
3,1946:291
3,1963:240
3,9:44
0,106:1833
0,3:3802
0,259:903
0,1963:1461
0,148:2771
0,254:514
0,1946:1532
0,1290:109
0,2136:1503
0,1814:749
0,9:776
0,1887:373
106,259:610
106,0:1833
106,1963:223
106,254:50
106,1814:66
106,99:83
106,9:131
106,1887:62
106,1736:196
259,1963:1050
259,106:610
259,254:233
259,0:903
259,1814:168
259,99:79
259,1887:50
259,1736:71
1963,254:1171
1963,259:1050
1963,1290:347
1963,106:223
1963,0:1461
1963,1814:414
1963,3:240
1963,99:154
1963,95:129
254,1963:1171
254,259:233
254,106:50
254,99:304
254,0:514
254,1887:271
254,1736:129
254,95:65
1290,1963:347
1290,99:90
1290,0:109
1814,99:886
1814,1814:634
1814,1887:992
1814,1736:512
