295.00471698113205
0,6:890
0,677:552
6,677:636
6,0:890
6,6:102
677,6:636
677,677:1762
677,0:552
677,683:650
677,1838:653
677,680:772
677,679:985
683,1838:825
683,677:650
683,680:204
683,679:613
683,1027:139
1838,680:1038
1838,683:825
1838,679:1289
1838,677:653
1838,1838:4600
1838,1026:808
1838,1027:407
680,679:724
680,1838:1038
680,683:204
680,677:772
679,1838:1289
679,680:724
679,679:710
679,1026:491
679,683:613
679,677:985
679,1027:698
1026,679:491
1026,1838:808
1027,858:935
1027,679:698
1027,857:681
1027,1838:407
1027,934:194
1027,683:139
858,857:1485
858,1027:935
858,2999:549
858,934:466
857,2999:1538
857,858:1485
857,857:3178
857,1027:681
857,934:1219
2999,857:1538
2999,2999:594
2999,858:549
2999,934:441
934,857:1219
934,2999:441
934,934:350
934,858:466
934,1027:194
857,3314:605
934,3314:173
858,3314:740
858,858:748
3314,858:740
3314,857:605
3314,934:173
857,1154:252
858,1154:447
3314,3314:608
3314,1154:957
3314,1027:671
1154,1027:1133
1154,3314:957
1154,858:447
1154,857:252
1027,1154:1133
1027,1078:354
1027,3314:671
679,1078:688
679,367:82
679,165:259
1078,700:1033
1078,679:688
1078,938:278
1078,1027:354
1078,165:794
1078,1078:1252
1078,680:670
700,938:749
700,1078:1033
700,367:317
700,937:272
700,165:415
938,367:731
938,700:749
938,938:604
938,1078:278
938,937:692
938,165:507
938,1838:333
367,938:731
367,937:305
367,700:317
367,679:82
367,165:323
367,1838:850
367,367:522
937,938:692
937,937:332
937,367:305
937,165:804
937,700:272
937,1838:174
938,260:241
938,698:281
165,1078:794
165,937:804
165,680:201
165,938:507
165,1838:594
165,367:323
165,700:415
165,260:202
165,698:285
165,679:259
1078,1838:427
1078,260:590
1078,698:1123
680,1078:670
680,165:201
1838,367:850
1838,938:333
1838,1078:427
1838,165:594
1838,937:174
700,260:1016
700,698:1163
700,700:936
260,698:1030
260,700:1016
260,938:241
260,1078:590
260,165:202
698,700:1163
698,260:1030
698,698:998
698,938:281
698,1078:1123
698,165:285
1,287:1336
1,1714:240
287,1714:1090
287,1:1336
287,287:4178
287,281:1350
287,282:266
1714,287:1090
1714,281:225
1714,1:240
281,282:668
281,287:1350
281,368:282
281,1714:225
282,368:591
282,281:668
282,287:266
368,1052:670
368,282:591
368,1054:368
368,281:282
1052,1054:1495
1052,368:670
1052,1617:277
1054,2090:1025
1054,1052:1495
1054,3072:394
1054,368:368
1054,1027:1114
1054,1617:883
2090,3072:1280
2090,1054:1025
2090,1722:449
2090,1027:509
2090,1617:178
3072,1722:987
3072,2090:1280
3072,1027:728
3072,1054:394
3072,1617:154
1722,1027:843
1722,3072:987
1722,2090:449
1722,1617:199
1027,1515:709
1027,1722:843
1027,3072:728
1027,2527:304
1027,2090:509
1027,1054:1114
1027,1617:2240
1515,440:561
1515,1027:709
1515,2527:362
1515,1617:1720
440,2527:679
440,1515:561
440,1617:880
2527,667:944
2527,440:679
2527,1617:5130
2527,1515:362
2527,1634:109
2527,1027:304
2527,797:158
2527,1651:379
667,1617:1286
667,2527:944
1617,1634:1280
1617,667:1286
1617,797:1616
1617,2527:5130
1617,440:880
1617,1651:2574
1617,1515:1720
1617,2835:182
1617,1027:2240
1617,1722:199
1617,3072:154
1617,2090:178
1617,1617:27020
1617,1054:883
1617,264:1292
1617,1052:277
1634,797:669
1634,1617:1280
1634,1634:466
1634,1651:732
1634,2527:109
797,1634:669
797,1651:329
797,1617:1616
797,2527:158
797,797:698
1651,2835:531
1651,1634:732
1651,1651:2284
1651,797:329
1651,1617:2574
1651,2527:379
1651,262:104
1651,269:223
2835,1651:531
2835,1617:182
1634,269:85
797,269:127
1617,262:2757
1617,263:264
1617,269:2308
1617,348:1197
1617,1087:1250
1617,1088:839
1617,344:1831
264,262:647
264,1617:1292
264,269:188
264,2527:337
262,263:580
262,264:647
262,262:2440
262,1617:2757
262,269:845
262,2527:1140
262,1651:104
262,1087:196
263,262:580
263,269:91
263,1617:264
262,1514:181
269,2527:1193
269,262:845
269,263:91
269,1087:136
269,264:188
269,1617:2308
269,797:127
269,1634:85
269,1514:284
269,1651:223
2527,348:1221
2527,269:1193
2527,1087:1004
2527,262:1140
2527,1088:665
2527,344:1347
2527,264:337
2527,1514:524
348,1087:907
348,2527:1221
348,1088:489
348,344:697
348,1617:1197
1087,1088:915
1087,348:907
1087,344:1085
1087,2527:1004
1087,1617:1250
1087,269:136
1087,262:196
1088,344:1114
1088,1087:915
1088,1617:839
1088,348:489
1088,2527:665
344,1617:1831
344,1088:1114
344,1087:1085
344,348:697
344,2527:1347
1617,697:1024
1617,1514:4207
1617,1627:1067
1617,1189:1443
1617,1188:493
1617,1127:1934
697,1514:567
697,1617:1024
1514,1617:4207
1514,697:567
1514,2527:524
1514,1127:186
1514,269:284
1514,1076:185
1514,262:181
1617,1076:1246
1617,1126:1777
1617,1752:6670
1627,1617:1067
1627,1127:24
1617,534:914
1617,561:1337
1189,1188:1082
1189,1617:1443
1189,1189:1950
1188,1189:1082
1188,1617:493
1617,1266:2119
1617,1184:2137
1617,1649:2009
1127,1076:676
1127,1617:1934
1127,1752:351
1127,1627:24
1127,1514:186
1127,1649:660
1127,1520:237
1076,1126:756
1076,1127:676
1076,1752:537
1076,1617:1246
1076,561:86
1076,1266:120
1076,1184:122
1076,1514:185
1126,1752:1142
1126,1076:756
1126,561:137
1126,1617:1777
1126,1266:131
1126,1184:131
1752,534:1007
1752,1126:1142
1752,561:1234
1752,1076:537
1752,1266:1243
1752,1127:351
1752,1184:868
1752,1617:6670
1752,1649:632
1752,1520:465
1752,1521:904
534,561:606
534,1752:1007
534,1266:285
534,1184:277
534,1617:914
534,1521:620
534,1265:629
561,1266:831
561,534:606
561,1184:700
561,1752:1234
561,1617:1337
561,1126:137
561,1649:341
561,1076:86
561,1521:506
561,1265:631
561,2527:336
1266,1184:967
1266,561:831
1266,1617:2119
1266,534:285
1266,1649:766
1266,1752:1243
1266,1126:131
1266,1076:120
1266,1521:928
1266,1265:363
1266,2527:387
1184,1617:2137
1184,1266:967
1184,1649:688
1184,561:700
1184,534:277
1184,1752:868
1184,1184:638
1184,1126:131
1184,1521:869
1184,1076:122
1184,1265:327
1184,2527:808
1617,1520:1769
1617,1521:1597
1617,1265:1545
1617,2281:1795
1617,2284:1010
1649,1520:495
1649,1617:2009
1649,1649:416
1649,1184:688
1649,1266:766
1649,1521:389
1649,561:341
1649,1265:184
1649,2527:309
1649,1752:632
1649,1127:660
1520,1649:495
1520,1617:1769
1520,1752:465
1520,964:42
1520,1127:237
1184,964:126
1184,1962:87
1521,1265:722
1521,1184:869
1521,2527:429
1521,1649:389
1521,1617:1597
1521,1266:928
1521,561:506
1521,534:620
1521,1752:904
1265,2527:956
1265,1521:722
1265,1184:327
1265,1649:184
1265,1617:1545
1265,1266:363
1265,561:631
1265,534:629
2527,2281:1889
2527,1265:956
2527,2284:894
2527,1521:429
2527,1184:808
2527,964:1524
2527,1649:309
2527,1962:1280
2527,267:480
2527,2094:476
2527,346:1520
2527,1266:387
2527,561:336
2281,2284:1339
2281,2527:1889
2281,2281:1874
2281,964:1536
2281,1962:1405
2281,267:471
2281,2094:470
2281,346:1624
2281,1617:1795
2281,2096:154
2284,2281:1339
2284,964:1101
2284,2527:894
2284,1962:772
2284,267:248
2284,2094:317
2284,346:1073
2284,1617:1010
2284,957:683
2281,957:1349
2281,955:1077
964,1962:1293
964,2281:1536
964,267:438
964,2284:1101
964,2094:803
964,346:1032
964,2527:1524
964,1184:126
964,957:898
964,955:1200
964,1520:42
964,385:736
1962,267:802
1962,964:1293
1962,2094:459
1962,2281:1405
1962,346:1406
1962,2284:772
1962,2096:114
1962,2527:1280
1962,957:1063
1962,955:941
1962,1184:87
1962,385:1202
1962,1087:1090
267,2094:707
267,1962:802
267,346:529
267,964:438
267,2281:471
267,2284:248
267,957:1075
267,2527:480
267,955:423
267,385:796
267,1087:690
267,668:169
2094,346:902
2094,267:707
2094,2094:958
2094,1962:459
2094,2096:555
2094,964:803
2094,2281:470
2094,957:963
2094,2284:317
2094,955:398
2094,385:442
2094,2527:476
2094,1087:350
346,2094:902
346,267:529
346,1962:1406
346,957:1574
346,964:1032
346,955:1209
346,2281:1624
346,385:727
346,2284:1073
346,1087:1112
346,668:346
346,2527:1520
2096,2094:555
2096,957:171
2096,1962:114
2096,2281:154
957,955:1311
957,2094:963
957,385:728
957,2096:171
957,1087:890
957,668:272
957,346:1574
957,3315:86
957,267:1075
957,1962:1063
957,964:898
957,2281:1349
957,2284:683
955,385:855
955,957:1311
955,1087:706
955,2094:398
955,346:1209
955,267:423
955,1962:941
955,964:1200
955,2281:1077
385,1087:1019
385,955:855
385,668:746
385,957:728
385,3315:315
385,2094:442
385,346:727
385,267:796
385,1962:1202
385,964:736
1087,668:731
1087,385:1019
1087,955:706
1087,957:890
1087,2094:350
1087,346:1112
1087,267:690
1087,1962:1090
668,3315:1008
668,1087:731
668,385:746
668,957:272
668,346:346
668,267:169
3315,668:1008
3315,385:315
3315,957:86
2,0:1037
0,1:1317
0,2:1037
0,0:6002
0,5:1184
0,96:461
1,0:1317
1,5:149
5,96:1650
5,0:1184
5,1:149
5,603:322
5,1214:133
96,2472:2493
96,5:1650
96,2469:3182
96,0:461
96,1804:921
96,3258:573
96,603:3499
96,97:1902
96,1302:1611
96,96:9988
96,1214:1714
96,1868:525
2472,2469:2094
2472,96:2493
2472,1804:608
2472,3258:462
2472,603:2786
2472,97:572
2472,1302:305
2469,1804:1817
2469,2472:2094
2469,3258:967
2469,96:3182
2469,603:3951
2469,97:751
2469,1302:405
2469,1214:251
1804,3258:1287
1804,2469:1817
1804,603:1802
1804,2472:608
1804,97:306
1804,96:921
1804,1214:86
3258,603:1611
3258,1804:1287
3258,97:284
3258,2469:967
3258,2472:462
3258,96:573
603,97:1925
603,3258:1611
603,1302:805
603,1804:1802
603,96:3499
603,2469:3951
603,1214:321
603,2472:2786
603,5:322
97,1302:986
97,603:1925
97,96:1902
97,3258:284
97,1214:209
97,1804:306
97,2469:751
97,2472:572
1302,96:1611
1302,97:986
1302,1214:200
1302,603:805
1302,2469:405
1302,2472:305
96,2702:74
96,888:27
1214,1868:1046
1214,96:1714
1214,924:367
1214,1302:200
1214,97:209
1214,603:321
1214,888:42
1214,1804:86
1214,2469:251
1214,5:133
1868,924:1011
1868,1214:1046
1868,2702:579
1868,96:525
1868,888:150
924,2702:1011
924,1868:1011
924,924:750
924,1214:367
924,888:317
924,39:515
924,33:105
2702,924:1011
2702,2702:1162
2702,1868:579
2702,888:997
2702,39:1833
2702,96:74
2702,33:374
2702,656:430
2702,649:389
888,39:1647
888,2702:997
888,33:504
888,924:317
888,656:739
888,888:496
888,1868:150
888,1214:42
888,96:27
888,649:533
39,33:2762
39,888:1647
39,656:1301
39,2702:1833
39,924:515
39,649:2426
39,651:406
33,656:1045
33,39:2762
33,888:504
33,2702:374
33,924:105
33,649:670
656,888:739
656,33:1045
656,656:562
656,39:1301
656,2702:430
656,649:1289
656,651:191
888,339:147
656,1679:492
888,1679:414
649,656:1289
649,649:6400
649,888:533
649,651:1981
649,39:2426
649,33:670
649,1679:566
649,318:277
649,2702:389
651,649:1981
651,39:406
651,656:191
39,339:1289
39,1679:3737
39,39:7048
39,318:1640
39,319:826
339,1679:1248
339,39:1289
339,888:147
1679,39:3737
1679,339:1248
1679,318:396
1679,319:175
1679,649:566
1679,656:492
1679,888:414
318,319:1152
318,39:1640
318,318:1242
318,1679:396
318,649:277
319,318:1152
319,319:612
319,39:826
319,1679:175
39,1248:933
39,647:1462
39,654:518
39,655:416
1248,39:933
647,654:907
647,39:1462
647,649:1326
647,655:211
654,649:1326
654,647:907
654,655:231
654,39:518
654,653:225
649,655:2136
649,654:1326
649,647:1326
649,653:2141
655,655:1470
655,649:2136
655,654:231
655,647:211
655,39:416
655,653:459
649,1713:1116
653,649:2141
653,1713:230
653,655:459
653,654:225
1713,649:1116
1713,653:230
655,651:362
649,38:300
649,41:262
653,651:963
653,39:409
651,653:963
651,655:362
39,38:1307
39,41:700
39,653:409
38,41:1442
38,39:1307
38,649:300
41,38:1442
41,39:700
41,649:262
3,820:1128
3,3:2900
3,953:1410
3,2851:308
3,906:116
3,213:34
820,3:1128
820,953:255
953,2851:1051
953,3:1410
953,953:1826
953,820:255
953,906:414
953,213:103
2851,953:1051
2851,2851:668
2851,3:308
2851,906:824
2851,213:323
2851,2509:76
906,213:1113
906,2851:824
906,2509:373
906,953:414
906,2510:47
906,3:116
213,2509:2383
213,906:1113
213,2510:396
213,2851:323
213,953:103
213,2511:367
213,2484:679
213,3:34
2509,2510:1747
2509,213:2383
2509,2509:7832
2509,906:373
2509,2511:1651
2509,2851:76
2509,2484:3264
2510,2509:1747
2510,2511:244
2510,213:396
2510,906:47
2510,2484:499
2510,2510:272
2509,2485:3317
2511,2509:1651
2511,2484:484
2511,2510:244
2511,2511:240
2511,213:367
2511,2485:488
2509,2512:2548
2484,2509:3264
2484,2511:484
2484,2510:499
2484,2484:1274
2484,213:679
2484,2485:1721
2484,2512:722
2511,2512:411
2510,2485:528
2510,2512:393
2485,2509:3317
2485,2484:1721
2485,2512:661
2485,2510:528
2485,2511:488
2485,2485:1394
2485,213:626
2512,2509:2548
2512,2512:1484
2512,2485:661
2512,2484:722
2512,2510:393
2512,213:551
2512,2511:411
2484,2514:491
2485,2514:442
2485,2517:222
2509,2514:1968
2509,2517:866
213,2485:626
213,2512:551
213,2514:357
2511,2514:259
2511,2517:124
2512,2514:2283
2512,2517:1247
2514,2517:2542
2514,2512:2283
2514,2514:3648
2514,2509:1968
2514,2511:259
2514,2485:442
2514,2484:491
2514,213:357
2517,2514:2542
2517,2512:1247
2517,2509:866
2517,2511:124
2517,2484:231
2517,2485:222
2484,2517:231
2517,2517:1436
4,0:1337
4,4:590
0,4:1337
0,11:1383
0,2473:514
0,2470:426
11,2473:927
11,0:1383
11,2470:710
11,603:330
11,3258:49
2473,2470:1325
2473,11:927
2473,603:681
2473,0:514
2473,97:117
2473,3258:111
2470,603:3883
2470,2473:1325
2470,602:524
2470,11:710
2470,0:426
2470,97:703
2470,3258:638
2470,1804:922
2470,1803:258
603,602:1623
603,2470:3883
603,603:6548
603,2473:681
603,11:330
603,1803:552
602,603:1623
602,97:295
602,2470:524
602,2469:529
97,602:295
97,2470:703
97,2473:117
603,673:1194
3258,1803:455
3258,3258:546
3258,2470:638
3258,2473:111
3258,11:49
1804,1803:1270
1804,1804:2122
1804,2470:922
1803,1804:1270
1803,3258:455
1803,603:552
1803,2469:604
1803,2470:258
2469,602:529
2469,673:337
2469,1803:604
2469,2469:2700
602,673:1534
602,602:880
673,602:1534
673,603:1194
673,2469:337
1803,1803:474
2469,2065:568
1804,2065:238
1804,231:181
3258,231:171
603,2065:1568
603,231:1117
603,674:504
2065,231:928
2065,603:1568
2065,2065:472
2065,1804:238
2065,602:180
2065,673:110
2065,2469:568
231,2065:928
231,603:1117
231,3258:171
231,1804:181
602,2065:180
602,674:739
673,673:2176
673,674:1412
673,2065:110
674,673:1412
674,674:680
674,602:739
674,603:504
674,2472:85
673,2472:212
673,2471:243
673,2470:301
602,2472:367
602,2471:380
674,2470:134
603,2471:2550
603,2314:1113
2472,2471:1000
2472,602:367
2472,2470:2102
2472,673:212
2472,2473:400
2472,674:85
2469,2471:1882
2469,2470:2943
2469,2473:575
2469,2314:336
2471,2470:1906
2471,2469:1882
2471,2473:328
2471,2472:1000
2471,603:2550
2471,602:380
2471,673:243
2471,2471:888
2470,2471:1906
2470,2470:3130
2470,2469:2943
2470,2472:2102
2470,2314:412
2470,673:301
2470,674:134
2473,2473:544
2473,2471:328
2473,2469:575
2473,2472:400
2314,603:1113
2314,2470:412
2314,2469:336
2472,2472:1150
5,931:1577
5,930:1639
5,5:1604
5,783:1309
5,605:883
5,785:564
931,930:1747
931,5:1577
931,931:1358
931,783:1533
931,605:1026
931,785:714
930,931:1747
930,5:1639
930,930:1462
930,783:1964
930,605:1178
930,785:793
930,784:1574
931,784:1777
931,981:1083
5,784:1650
5,981:907
930,981:1188
930,1946:355
783,605:2910
783,930:1964
783,783:2408
783,5:1309
783,931:1533
783,785:1793
783,784:2207
783,981:1937
783,1946:1048
605,783:2910
605,605:4568
605,930:1178
605,785:2339
605,5:883
605,931:1026
605,784:1773
605,981:2711
605,1946:2636
605,604:1379
783,604:492
785,783:1793
785,605:2339
785,784:1094
785,981:1620
785,1946:839
785,930:793
785,5:564
785,604:459
785,931:714
785,785:1048
784,981:1837
784,783:2207
784,605:1773
784,785:1094
784,1946:529
784,604:306
784,930:1574
784,5:1650
784,931:1777
981,605:2711
981,784:1837
981,1946:990
981,783:1937
981,785:1620
981,604:528
981,981:1642
981,930:1188
981,5:907
981,931:1083
1946,605:2636
1946,604:532
1946,981:990
1946,784:529
1946,783:1048
1946,785:839
1946,930:355
604,605:1379
604,981:528
604,1946:532
604,785:459
604,784:306
604,783:492
981,0:204
784,96:568
784,0:441
5,3:127
96,1863:1180
96,784:568
96,231:2045
1863,96:1180
231,96:2045
0,3:1622
0,820:284
0,821:199
0,784:441
0,981:204
3,0:1622
3,5:127
3,821:998
3,1706:154
3,1999:186
820,820:404
820,0:284
820,821:1373
820,1999:319
820,2895:302
3,2895:206
821,1706:1435
821,820:1373
821,821:5032
821,3:998
821,1999:2058
821,2001:747
821,0:199
821,2895:2540
821,1790:1137
1706,821:1435
1706,1999:305
1706,3:154
1706,2895:1615
1706,1790:181
1999,2001:1157
1999,821:2058
1999,1999:1808
1999,1706:305
1999,2895:620
1999,820:319
1999,3:186
1999,1790:294
2001,1999:1157
2001,821:747
2001,2895:193
1999,1418:362
821,1418:1762
821,1417:1511
2895,821:2540
2895,1790:347
2895,1999:620
2895,2001:193
2895,820:302
2895,1706:1615
2895,1418:492
2895,1417:324
2895,3:206
1790,821:1137
1790,2895:347
1790,1999:294
1790,1418:220
1790,1706:181
821,1419:583
820,1418:354
1418,1417:1811
1418,821:1762
1418,1418:1164
1418,1790:220
1418,1419:845
1418,820:354
1418,2895:492
1418,1999:362
1417,1418:1811
1417,1417:2436
1417,821:1511
1417,1419:1580
1417,2895:324
1419,1417:1580
1419,1419:792
1419,1418:845
1419,821:583
1418,1706:312
821,1113:385
821,998:65
821,995:38
821,889:533
821,890:632
1706,1418:312
1706,1113:251
1706,889:544
1706,890:808
1706,464:639
821,464:581
2895,1113:2114
2895,998:492
2895,995:320
2895,889:2491
2895,890:1285
2895,464:2940
1113,998:1260
1113,2895:2114
1113,995:939
1113,821:385
1113,1706:251
1113,1113:1510
1113,889:1435
1113,890:475
1113,464:1543
998,995:2508
998,1113:1260
998,998:1584
998,2895:492
998,821:65
998,889:386
998,890:99
998,464:345
995,998:2508
995,1113:939
995,889:212
995,2895:320
995,821:38
889,890:1288
889,1113:1435
889,464:2113
889,998:386
889,995:212
889,2895:2491
889,821:533
889,1706:544
890,464:1464
890,889:1288
890,1113:475
890,998:99
890,2895:1285
890,821:632
890,1706:808
464,890:1464
464,889:2113
464,1113:1543
464,998:345
464,2895:2940
464,821:581
464,1706:639
6,7:93
6,11:104
0,7:1172
0,8:2034
7,8:1063
7,0:1172
7,6:93
8,0:2034
8,7:1063
8,11:275
11,486:148
11,8:275
11,96:251
11,2472:211
11,6:104
2473,486:286
2473,96:505
2470,486:1466
2470,487:617
2470,96:2886
486,487:869
486,2470:1466
486,486:744
486,2473:286
486,96:2373
486,11:148
486,2472:610
487,486:869
487,96:1939
487,2470:617
487,2472:331
487,2469:454
486,2469:850
96,486:2373
96,2470:2886
96,487:1939
96,2473:505
96,11:251
2472,486:610
2472,487:331
2472,11:211
2470,1214:223
2470,1211:108
2472,1211:107
96,1211:1235
96,1212:163
486,1214:243
486,1211:146
2469,486:850
2469,1211:106
2469,487:454
96,1215:130
1214,1211:2607
1214,1212:405
1214,1215:416
1214,2470:223
1214,486:243
1214,1213:408
1211,1212:2220
1211,1214:2607
1211,1211:11798
1211,96:1235
1211,1215:2247
1211,2472:107
1211,2469:106
1211,2470:108
1211,1213:2145
1211,486:146
1212,1211:2220
1212,1215:391
1212,1214:405
1212,96:163
1212,1213:337
1212,1212:360
1212,1216:428
1211,1216:2510
1215,1211:2247
1215,1215:332
1215,1212:391
1215,1213:348
1215,1214:416
1215,96:130
1215,1216:410
1215,1217:414
1211,1217:2310
1213,1211:2145
1213,1212:337
1213,1215:348
1213,1216:432
1213,1217:372
1213,1214:408
1212,1217:361
1216,1211:2510
1216,1217:402
1216,1212:428
1216,1215:410
1216,1213:432
1216,1216:436
1217,1211:2310
1217,1215:414
1217,1216:402
1217,1212:361
1217,1217:404
1217,1213:372
1217,1214:421
1216,1214:477
1211,245:823
1214,1216:477
1214,1217:421
1214,1214:1398
1214,245:1114
1211,1868:688
1216,1868:96
1211,552:254
1214,552:415
1214,547:215
245,1214:1114
245,1868:350
245,1211:823
1868,552:1328
1868,548:512
1868,245:350
1868,815:677
1868,549:524
1868,1211:688
1868,547:759
1868,1216:96
552,548:2263
552,1868:1328
552,815:3104
552,1214:415
552,549:2178
552,552:2934
552,1211:254
552,547:3373
548,815:2337
548,552:2263
548,549:1333
548,1868:512
548,547:2438
548,548:1336
548,550:1110
815,549:2185
815,548:2337
815,815:3150
815,552:3104
815,1868:677
815,547:3387
815,550:2219
549,815:2185
549,552:2178
549,548:1333
549,547:2243
549,549:1162
549,1868:524
549,550:1054
552,550:1492
552,924:375
547,549:2243
547,552:3373
547,547:3434
547,815:3387
547,548:2438
547,550:2225
547,1868:759
547,1214:215
550,815:2219
550,552:1492
550,548:1110
550,1868:312
550,547:2225
550,549:1054
1868,1868:1134
1868,550:312
924,552:375
7,2355:196
8,230:1591
8,229:742
8,8:4546
8,2355:2129
8,1019:1178
8,2413:518
8,613:219
8,2417:865
230,229:1027
230,8:1591
230,230:1146
230,2355:331
230,1019:150
229,230:1027
229,8:742
229,2355:135
8,1916:1155
2355,8:2129
2355,1019:264
2355,230:331
2355,229:135
2355,7:196
2355,1196:209
8,1196:1379
1019,2413:1480
1019,8:1178
1019,613:315
1019,2355:264
1019,2417:537
1019,1916:296
1019,230:150
1019,1196:171
1019,770:130
2413,613:1704
2413,1019:1480
2413,2417:2889
2413,8:518
2413,1916:975
2413,1196:283
613,2417:1576
613,2413:1704
613,1916:649
613,1019:315
613,8:219
613,1196:145
2417,1916:2088
2417,613:1576
2417,8:865
2417,2413:2889
2417,1019:537
2417,1196:1371
1916,8:1155
1916,2417:2088
1916,613:649
1916,2413:975
1916,1196:343
1916,1019:296
1916,770:139
8,770:1260
8,2353:1233
8,2354:1277
7,1196:163
7,770:128
1196,8:1379
1196,770:187
1196,7:163
1196,2355:209
1196,1916:343
1196,2353:92
1196,2417:1371
1196,2354:101
1196,613:145
1196,2413:283
1196,1019:171
770,8:1260
770,2355:246
770,1196:187
770,2353:128
770,2354:129
770,7:128
770,1916:139
770,770:1192
770,1019:130
2355,2353:2679
2355,2354:2719
2355,770:246
2355,2355:2694
2353,2354:2342
2353,2355:2679
2353,2353:1938
2353,8:1233
2353,770:128
2353,1196:92
2354,2353:2342
2354,2354:1958
2354,2355:2719
2354,8:1277
2354,770:129
2354,1196:101
2355,992:220
8,992:1105
8,991:327
8,1701:614
8,452:80
8,1013:41
992,991:710
992,8:1105
992,992:888
992,2355:220
992,1701:1269
992,464:255
992,452:197
992,1013:41
991,992:710
991,1701:432
991,8:327
991,452:55
991,1013:14
1701,464:2418
1701,992:1269
1701,890:1520
1701,991:432
1701,889:2089
1701,452:1738
1701,8:614
1701,1013:480
1701,451:462
1701,2936:273
464,1701:2418
464,992:255
464,452:1715
464,1013:336
464,451:412
464,2936:244
890,452:618
890,1701:1520
890,2936:114
889,452:1420
889,1013:342
889,1701:2089
889,451:363
889,2936:217
452,1013:1330
452,889:1420
452,456:315
452,890:618
452,451:1466
452,464:1715
452,457:532
452,1701:1738
452,992:197
452,2936:404
452,991:55
452,8:80
1013,456:1134
1013,452:1330
1013,451:3221
1013,889:342
1013,457:1889
1013,464:336
1013,2936:581
1013,1701:480
1013,992:41
1013,991:14
1013,8:41
456,451:1347
456,1013:1134
456,457:489
456,452:315
456,2936:295
451,457:2094
451,456:1347
451,451:4232
451,1013:3221
451,2936:1838
451,452:1466
451,889:363
451,464:412
451,1701:462
457,451:2094
457,2936:359
457,456:489
457,1013:1889
457,452:532
2936,2952:1140
2936,451:1838
2936,2936:37396
2936,457:359
2936,2943:1068
2936,456:295
2936,2946:1096
2936,1013:581
2936,452:404
2936,2938:1088
2936,889:217
2936,890:114
2936,2956:1399
2936,464:244
2936,1701:273
2952,2936:1140
2936,2897:1253
2943,2936:1068
2943,2897:27
2936,2895:925
2946,2936:1096
2938,2936:1088
2936,885:166
2956,2936:1399
2897,2936:1253
2897,2897:158
2897,2895:873
2897,2943:27
2895,2897:873
2895,884:873
2895,2936:925
2895,885:976
889,884:1340
889,885:1578
884,464:1544
884,889:1340
884,885:1137
884,2895:873
884,890:472
884,1706:194
884,463:236
464,885:1876
464,884:1544
464,464:3490
464,463:1340
464,465:1136
885,464:1876
885,890:601
885,884:1137
885,1706:233
885,889:1578
885,2895:976
885,2936:166
885,463:291
885,465:203
890,890:686
890,885:601
890,884:472
890,463:248
890,465:189
1706,1706:446
1706,885:233
1706,884:194
464,2120:474
463,465:1606
463,464:1340
463,463:1016
463,890:248
463,2120:722
463,885:291
463,884:236
465,463:1606
465,465:1946
465,464:1136
465,890:189
465,2120:1230
465,885:203
2120,465:1230
2120,463:722
2120,464:474
8,767:1023
8,771:418
8,769:394
8,768:435
770,767:2247
770,771:1206
770,769:1059
770,768:1163
767,771:2267
767,770:2247
767,767:3864
767,8:1023
767,769:1960
767,768:2162
771,767:2267
771,769:970
771,770:1206
771,8:418
771,768:1162
771,771:1146
767,2174:3940
769,767:1960
769,768:1036
769,771:970
769,769:894
769,770:1059
769,8:394
769,2174:2031
768,767:2162
768,769:1036
768,771:1162
768,770:1163
768,2174:2290
768,8:435
771,2174:2234
2174,771:2234
2174,2174:4048
2174,767:3940
2174,769:2031
2174,768:2290
2174,770:2285
2174,8:1008
770,2174:2285
770,2493:110
8,2493:890
8,2174:1008
8,1075:448
7,1075:748
2493,8:890
2493,770:110
1075,7:748
1075,8:448
768,768:1086
767,1019:70
8,1910:398
8,1917:340
8,3289:31
8,2309:250
8,1115:597
1019,1914:132
1019,1910:420
1019,767:70
1019,1917:502
1019,1115:1254
2413,1914:1019
2413,1910:2950
2413,1917:2838
2413,3289:206
2413,2309:490
2413,1115:3170
1914,1910:1009
1914,2413:1019
1914,1917:423
1914,1019:132
1914,1916:192
1914,1115:380
1914,1914:136
1910,1917:2922
1910,1914:1009
1910,3289:214
1910,2413:2950
1910,1019:420
1910,1916:1677
1910,8:398
1910,2309:556
1910,1115:2426
1910,1910:4820
1910,1913:999
1917,3289:869
1917,1910:2922
1917,1917:4566
1917,1914:423
1917,1916:1624
1917,2413:2838
1917,2309:464
1917,1019:502
1917,1115:2789
1917,8:340
1917,1913:496
3289,1917:869
3289,1916:134
3289,1910:214
3289,1115:238
3289,2413:206
3289,8:31
1916,2309:848
1916,1917:1624
1916,1115:1245
1916,3289:134
1916,1910:1677
1916,1914:192
1916,1913:202
2309,1115:1103
2309,1916:848
2309,1910:556
2309,1917:464
2309,2413:490
2309,8:250
1115,1910:2426
1115,2309:1103
1115,1914:380
1115,1916:1245
1115,1917:2789
1115,1913:277
1115,3289:238
1115,2413:3170
1115,1019:1254
1115,8:597
1914,1913:120
1913,1910:999
1913,1914:120
1913,1115:277
1913,1916:202
1913,1917:496
9,1172:1331
9,1173:234
9,116:345
9,113:147
9,558:237
1172,1173:1060
1172,9:1331
1172,1172:4054
1172,116:1706
1172,113:806
1172,558:1235
1172,2338:581
1173,1172:1060
1173,116:290
1173,9:234
1173,558:221
1173,2338:75
116,113:1575
116,1172:1706
116,115:387
116,1173:290
116,116:1456
116,9:345
116,558:355
113,115:1794
113,116:1575
113,113:3528
113,1172:806
113,9:147
115,113:1794
115,116:387
113,1174:88
116,1174:236
116,10:433
1172,1174:949
1172,10:1809
1172,2053:631
558,2338:1045
558,1172:1235
558,558:582
558,116:355
558,1173:221
558,1174:157
558,10:333
558,9:237
2338,558:1045
2338,1172:581
2338,1173:75
2338,10:102
1172,0:2046
1173,1174:161
1173,10:283
1173,0:265
1174,1172:949
1174,10:250
1174,1173:161
1174,558:157
1174,0:266
1174,116:236
1174,113:88
1172,1:177
10,2053:907
10,1172:1809
10,10:1374
10,1174:250
10,1173:283
10,0:1797
10,558:333
10,2338:102
10,1:198
10,287:50
10,116:433
2053,10:907
2053,2053:300
2053,1172:631
2053,0:516
10,2086:13
10,2335:6
0,10:1797
0,2053:516
0,287:493
0,1172:2046
0,1174:266
0,2086:63
0,2335:36
0,1173:265
1,2086:199
1,2335:92
1,10:198
1,283:46
1,1172:177
287,0:493
287,2086:1178
287,2335:769
287,10:50
287,283:307
1714,2086:189
1714,2335:106
287,1772:107
2086,2335:794
2086,287:1178
2086,2086:286
2086,1714:189
2086,1:199
2086,0:63
2086,10:13
2335,2086:794
2335,287:769
2335,1714:106
2335,1:92
2335,0:36
2335,10:6
281,283:910
281,1657:411
281,1772:374
283,1657:811
283,281:910
283,283:638
283,287:307
283,1772:904
283,1449:264
283,1:46
1657,283:811
1657,1657:588
1657,281:411
1657,1772:1673
1657,1159:508
1657,1449:540
1657,1157:314
1657,919:93
1772,1159:1637
1772,1657:1673
1772,1772:4150
1772,283:904
1772,1449:1753
1772,281:374
1772,287:107
1772,1157:1169
1772,919:291
1159,1772:1637
1159,1449:474
1159,1657:508
1159,1159:656
1159,1157:1363
1159,919:403
1449,1772:1753
1449,1657:540
1449,1159:474
1449,1157:307
1449,283:264
1449,919:133
1157,919:1861
1157,1159:1363
1157,1470:395
1157,1772:1169
1157,1657:314
1157,1449:307
1157,2936:469
919,1470:1009
919,1157:1861
919,919:2124
919,1159:403
919,1772:291
919,2340:387
919,1657:93
919,835:69
919,836:71
919,1449:133
919,2859:141
919,2936:1120
1470,919:1009
1470,1470:852
1470,1157:395
1470,2340:1068
1470,835:138
1470,836:141
1470,2859:215
1470,2936:552
2340,835:1643
2340,1470:1068
2340,836:1823
2340,919:387
2340,2859:1256
2340,2936:1777
835,836:1025
835,2340:1643
835,835:556
835,1470:138
835,2859:984
835,919:69
835,2936:924
836,835:1025
836,2859:1074
836,2340:1823
836,2936:917
836,1470:141
836,919:71
2859,2936:2380
2859,835:984
2859,1746:102
2859,836:1074
2859,2340:1256
2859,1470:215
2859,919:141
2936,1746:3397
2936,2859:2380
2936,618:1088
2936,835:924
2936,616:327
2936,836:917
2936,617:137
2936,2340:1777
2936,1470:552
2936,919:1120
2936,1157:469
1746,618:2336
1746,2936:3397
1746,616:907
1746,2859:102
1746,617:420
618,616:2312
618,1746:2336
618,617:1240
618,2936:1088
618,618:3268
616,617:1620
616,618:2312
616,616:2118
616,1746:907
616,2936:327
616,3204:713
617,616:1620
617,618:1240
617,1746:420
617,617:788
617,2936:137
617,3204:332
616,3203:857
618,3204:2028
618,3203:2230
617,3203:435
618,1602:335
618,121:233
3204,618:2028
3204,3203:1988
3204,616:713
3204,617:332
3204,1746:1462
3204,1602:196
3204,121:141
3203,618:2230
3203,3203:2002
3203,3204:1988
3203,1746:2183
3203,1602:300
3203,616:857
3203,121:206
3203,617:435
1746,1602:1009
1746,3203:2183
1746,121:826
1746,120:196
1746,3204:1462
1602,121:1187
1602,1746:1009
1602,120:362
1602,3203:300
1602,618:335
1602,3204:196
121,120:1872
121,1602:1187
121,1746:826
121,3203:206
121,618:233
121,3204:141
120,121:1872
120,1602:362
120,1746:196
1172,557:641
558,557:1094
558,0:324
2338,557:531
2338,0:145
557,558:1094
557,1172:641
557,2338:531
557,116:128
557,0:135
1172,8:276
1172,1916:25
1172,1917:6
116,0:441
116,557:128
10,8:303
0,1916:235
0,116:441
0,558:324
0,1917:83
0,557:135
0,2338:145
0,1196:313
0,1192:112
8,10:303
8,663:98
8,1172:276
8,664:106
8,1192:402
1916,0:235
1916,664:417
1916,1172:25
1916,1916:1450
1916,1192:101
2417,663:1332
2417,664:1059
2417,1917:2167
2417,1192:395
2417,1195:175
663,664:719
663,2417:1332
663,1917:557
663,8:98
664,1917:1387
664,663:719
664,1916:417
664,2417:1059
664,8:106
1917,664:1387
1917,663:557
1917,1196:189
1917,2417:2167
1917,0:83
1917,1172:6
1916,1193:16
8,1194:149
8,1193:60
1196,1192:1456
1196,1195:735
1196,1917:189
1196,1194:525
1196,1193:254
1196,523:654
1196,0:313
1196,3026:192
1192,1195:2982
1192,1196:1456
1192,1192:2902
1192,8:402
1192,1194:2183
1192,1916:101
1192,1193:927
1192,2417:395
1192,523:2731
1192,3026:808
1192,0:112
1195,1192:2982
1195,1194:2364
1195,1196:735
1195,1193:501
1195,523:2764
1195,3026:794
1195,2417:175
1194,1192:2183
1194,1193:366
1194,1195:2364
1194,1194:1452
1194,1196:525
1194,523:2128
1194,8:149
1194,3026:642
1193,1192:927
1193,1194:366
1193,523:449
1193,3026:131
1193,1195:501
1193,1196:254
1193,8:60
1193,1916:16
1194,1659:339
523,3026:1212
523,1194:2128
523,523:2530
523,1192:2731
523,1193:449
523,1195:2764
523,1659:437
523,1196:654
3026,523:1212
3026,3026:350
3026,1194:642
3026,1192:808
3026,1193:131
3026,1195:794
3026,522:1179
3026,1196:192
523,522:2609
523,1782:2132
3026,1782:667
1192,1659:436
1192,522:2603
1192,1782:1346
1194,522:2154
1194,1782:1092
1195,1659:980
1195,1195:3676
1195,522:2802
1195,1782:1435
1659,1195:980
1659,522:418
1659,523:437
1659,1782:168
1659,1194:339
1659,1192:436
522,1782:2246
522,1195:2802
522,522:2484
522,1659:418
522,1192:2603
522,523:2609
522,1194:2154
522,1193:430
522,3026:1179
1782,522:2246
1782,1192:1346
1782,1195:1435
1782,523:2132
1782,1659:168
1782,1193:201
1782,1194:1092
1782,3026:667
1193,522:430
1193,1782:201
523,1206:221
522,1206:239
3026,1206:53
523,1204:141
523,1787:183
1782,1206:1090
1782,1204:794
1782,1205:158
1782,1782:6138
1782,1787:983
1206,1204:930
1206,1782:1090
1206,1205:213
1206,523:221
1206,3026:53
1206,522:239
1204,1205:1994
1204,1206:930
1204,1858:408
1204,1782:794
1204,523:141
1204,1204:4158
1205,1858:1265
1205,1204:1994
1205,1205:4058
1205,1206:213
1205,1782:158
1858,1205:1265
1858,1204:408
1782,1786:961
1787,1782:983
1787,523:183
1782,521:672
1786,1782:961
1206,521:72
523,521:1183
521,523:1183
521,1782:672
521,1206:72
11,2471:156
11,2065:38
11,231:26
2473,2065:85
2473,231:64
2470,2065:541
2470,231:531
2471,11:156
2471,2065:379
2471,231:328
2472,2065:420
2472,231:429
2472,2066:194
603,2066:478
603,1148:284
2065,2472:420
2065,2470:541
2065,2471:379
2065,2473:85
2065,11:38
2065,2066:511
2065,1148:413
231,231:1076
231,2066:1768
231,2472:429
231,1148:1430
231,2470:531
231,2067:434
231,2471:328
231,2473:64
231,11:26
2066,1148:3842
2066,231:1768
2066,2067:1219
2066,2065:511
2066,603:478
2066,2066:3010
2066,2472:194
1148,2067:2162
1148,2066:3842
1148,1148:4682
1148,231:1430
1148,2065:413
1148,603:284
2067,1148:2162
2067,2067:746
2067,2066:1219
2067,231:434
2067,1147:999
1148,1147:3021
2066,1147:2595
1147,1148:3021
1147,1147:1586
1147,2067:999
1147,2066:2595
1147,231:987
1147,2065:300
2066,2469:189
231,1147:987
231,486:335
231,2469:551
2065,486:233
2065,1147:300
603,486:1068
2471,486:438
2471,1804:591
2471,1803:187
2471,3258:395
486,2471:438
486,1804:272
486,603:1068
486,2065:233
486,231:335
2469,231:551
2469,2066:189
1804,486:272
1804,2471:591
1803,2471:187
1803,96:299
3258,2471:395
2471,96:1256
2470,5:316
486,5:251
96,2471:1256
96,930:557
96,2921:409
96,931:528
96,1803:299
96,783:354
5,2921:1470
5,486:251
5,2470:316
930,2921:2183
930,96:557
2921,931:2101
2921,930:2183
2921,2921:2454
2921,5:1470
2921,783:2671
2921,96:409
2921,784:2366
931,2921:2101
931,96:528
783,2921:2671
783,96:354
784,2921:2366
12,14:693
14,1121:1034
14,12:693
14,1723:1650
1121,1723:1394
1121,14:1034
1723,1726:1057
1723,1121:1394
1723,1890:459
1723,14:1650
1723,1892:166
1723,1883:472
1723,1884:480
1723,2919:111
1726,1890:901
1726,1723:1057
1726,1892:356
1726,1883:1179
1726,1884:1019
1726,2919:243
1890,1892:1000
1890,1726:901
1890,1883:2789
1890,1723:459
1890,1884:697
1892,1883:2211
1892,1890:1000
1892,1888:127
1892,1726:356
1892,1723:166
1892,1884:346
1883,1888:1372
1883,1892:2211
1883,1883:14806
1883,1890:2789
1883,1887:1096
1883,1726:1179
1883,1723:472
1883,1884:2291
1883,2919:503
1888,1883:1372
1888,1892:127
1887,1883:1096
1887,1884:119
1883,1886:1285
1884,2919:750
1884,1883:2291
1884,1884:1332
1884,1887:119
1884,1726:1019
1884,1890:697
1884,1892:346
1884,1723:480
2919,1884:750
2919,1726:243
2919,1883:503
2919,1723:111
1884,450:342
1726,450:172
1890,1890:1080
1890,1886:173
1890,450:566
1890,2918:398
1890,449:263
1883,450:3541
1883,2918:876
1883,449:1864
1892,1886:129
1892,450:367
1892,449:197
1886,1883:1285
1886,450:207
1886,1892:129
1886,1890:173
1886,449:101
1883,3147:716
450,2918:1210
450,1883:3541
450,450:3070
450,1886:207
450,449:1138
450,1892:367
450,1888:184
450,1890:566
450,1726:172
450,3147:1407
450,1884:342
2918,450:1210
2918,449:252
2918,1883:876
2918,1890:398
2918,3147:279
449,1883:1864
449,450:1138
449,2918:252
449,1886:101
449,3147:260
449,1892:197
449,1890:263
1888,450:184
1888,3147:37
1883,2428:1246
449,2428:188
450,2428:825
3147,450:1407
3147,449:260
3147,1883:716
3147,1888:37
3147,2428:164
3147,2918:279
450,2272:482
449,2272:220
1883,2272:2875
1883,2135:395
1890,2428:1057
1890,2272:651
1726,2428:300
1726,2272:230
2428,1890:1057
2428,1892:371
2428,1726:300
2428,2272:223
2428,1883:1246
2428,449:188
2428,450:825
2428,3147:164
1892,2272:1166
1892,2135:194
1892,2428:371
2272,2135:1066
2272,1892:1166
2272,2133:747
2272,1890:651
2272,2694:305
2272,2428:223
2272,788:81
2272,1726:230
2272,1410:56
2272,1883:2875
2272,449:220
2272,450:482
2272,2697:75
2135,2133:1040
2135,2272:1066
2135,2694:534
2135,1892:194
2135,788:115
2135,1410:94
2135,1883:395
2135,2697:123
2133,2694:1556
2133,2135:1040
2133,788:374
2133,2272:747
2133,1410:356
2133,2697:422
2133,2695:247
2694,788:1593
2694,2133:1556
2694,2694:3204
2694,2135:534
2694,1410:1451
2694,2272:305
2694,802:727
2694,2697:1549
2694,2695:993
788,2694:1593
788,1410:327
788,2133:374
788,2135:115
788,2272:81
788,2697:988
788,2695:290
788,2696:305
2694,2696:1206
2694,1370:1465
1410,802:1613
1410,2694:1451
1410,1410:1322
1410,788:327
1410,2697:358
1410,2133:356
1410,2135:94
1410,2695:235
1410,2272:56
1410,2696:586
1410,1370:2411
802,1410:1613
802,2694:727
802,2696:539
802,1370:2727
802,1024:211
1410,1024:252
2694,1024:594
2697,2694:1549
2697,2695:262
2697,1410:358
2697,2696:308
2697,1370:294
2697,788:988
2697,1024:114
2697,2133:422
2697,2135:123
2697,2272:75
2694,789:1063
2695,2694:993
2695,2696:191
2695,2697:262
2695,1410:235
2695,1024:73
2695,788:290
2695,789:175
2695,2133:247
2694,790:1376
2696,1370:1540
2696,2694:1206
2696,2696:624
2696,2695:191
2696,1024:1110
2696,2697:308
2696,788:305
2696,1410:586
2696,789:190
2696,802:539
1370,2696:1540
1370,1024:673
1370,2694:1465
1370,788:257
1370,2697:294
1370,789:175
1370,1410:2411
1370,790:208
1370,802:2727
1024,2696:1110
1024,2694:594
1024,1370:673
1024,2697:114
1024,2695:73
1024,1410:252
1024,802:211
2694,3047:254
2694,3045:355
788,789:1176
788,790:1532
788,3047:399
788,3046:148
788,1370:257
788,3045:506
789,2697:1079
789,788:1176
789,790:1037
789,2694:1063
789,3047:191
789,2696:190
789,1370:175
789,3045:302
789,2695:175
2697,790:1509
2697,789:1079
2697,3047:294
2697,3046:107
2697,3045:458
790,3047:1794
790,2697:1509
790,3046:713
790,789:1037
790,788:1532
790,790:3274
790,2694:1376
790,3045:2484
790,1370:208
790,2263:318
3047,3046:1258
3047,790:1794
3047,3047:1478
3047,2697:294
3047,789:191
3047,3045:2528
3047,788:399
3047,2694:254
3047,2263:350
3047,2262:238
3047,891:266
3046,3047:1258
3046,790:713
3046,3045:1608
3046,2697:107
3046,788:148
3046,2263:218
3046,2262:134
790,891:254
790,1468:136
790,691:526
3045,790:2484
3045,3047:2528
3045,3045:4224
3045,3046:1608
3045,2263:1322
3045,2262:1004
3045,891:692
3045,2697:458
3045,1468:355
3045,789:302
3045,788:506
3045,691:1442
3045,2694:355
3047,691:622
2263,2262:1217
2263,3045:1322
2263,891:411
2263,3047:350
2263,790:318
2263,691:341
2263,3046:218
2262,891:1657
2262,2263:1217
2262,1468:492
2262,3045:1004
2262,3047:238
2262,691:764
2262,3046:134
891,1468:1441
891,2262:1657
891,891:2272
891,2263:411
891,691:2280
891,3045:692
891,3047:266
891,790:254
1468,891:1441
1468,691:1507
1468,2262:492
1468,3045:355
1468,790:136
691,891:2280
691,1468:1507
691,2262:764
691,2263:341
691,3045:1442
691,3047:622
691,790:526
13,1087:807
13,345:557
13,2284:326
13,346:595
13,1962:937
13,385:446
13,599:170
1087,345:948
1087,13:807
1087,2284:528
1087,599:324
345,2284:1083
345,1087:948
345,346:971
345,13:557
345,1962:1163
345,385:595
345,345:998
345,599:857
345,955:616
2284,345:1083
2284,1087:528
2284,385:415
2284,13:326
2284,599:749
2284,2284:1100
2284,955:599
346,345:971
346,13:595
346,599:449
346,346:1680
346,1617:1987
1962,1962:1730
1962,345:1163
1962,599:366
1962,13:937
1962,1617:1613
1962,668:829
385,345:595
385,2284:415
385,13:446
385,1617:3594
385,1643:1608
1962,1643:484
345,1617:1318
345,668:300
345,1643:371
599,2284:749
599,345:857
599,346:449
599,1962:366
599,955:226
599,1617:1113
599,1087:324
599,13:170
346,1643:342
955,1617:1238
955,2284:599
955,599:226
955,1643:391
955,345:616
346,1508:324
1617,668:1993
1617,346:1987
1617,1643:3820
1617,955:1238
1617,532:2273
1617,599:1113
1617,3280:349
1617,345:1318
1617,1962:1613
1617,1508:6798
1617,385:3594
1617,796:331
668,1643:1148
668,1617:1993
668,264:117
668,3280:25
668,1508:372
668,345:300
668,1962:829
1643,264:728
1643,668:1148
1643,1617:3820
1643,532:259
1643,346:342
1643,955:391
1643,1508:1017
1643,345:371
1643,1962:484
1643,385:1608
264,1643:728
264,668:117
264,1508:179
1617,1656:437
532,3280:483
532,1617:2273
532,532:996
532,1508:1351
532,1643:259
532,1514:1008
3280,532:483
3280,1617:349
3280,668:25
1508,797:950
1508,532:1351
1508,1634:404
1508,1617:6798
1508,264:179
1508,1514:2390
1508,1643:1017
1508,1508:4752
1508,668:372
1508,1513:787
1508,346:324
1508,1522:844
797,796:518
797,1508:950
797,1514:360
796,797:518
796,1617:331
797,1752:979
1634,1656:491
1634,1514:431
1634,1508:404
1634,1752:428
1656,1514:537
1656,1634:491
1656,1617:437
1514,1508:2390
1514,1656:537
1514,1513:240
1514,1634:431
1514,797:360
1514,1522:194
1514,1753:641
1514,1752:2588
1514,1512:892
1514,532:1008
1514,1514:2108
1514,1511:787
1508,1753:1417
1508,1752:4022
1508,1512:997
1508,1511:935
1508,536:1414
1513,1508:787
1513,1514:240
1513,1752:820
1513,1617:698
1522,1753:564
1522,1508:844
1522,1752:395
1522,1514:194
1522,1617:1152
1753,1752:1486
1753,1522:564
1753,1508:1417
1753,1514:641
1753,536:727
1753,1617:2161
1752,1512:1014
1752,1753:1486
1752,1514:2588
1752,1522:395
1752,1511:1028
1752,1508:4022
1752,1752:5210
1752,1513:820
1752,536:1459
1752,1634:428
1752,1645:672
1752,797:979
1512,1514:892
1512,1752:1014
1512,536:224
1512,1508:997
1512,1617:1596
1514,536:996
1514,1645:523
1511,1752:1028
1511,1514:787
1511,1617:1399
1511,1508:935
1752,1517:1104
536,1617:2349
536,1752:1459
536,1514:996
536,1512:224
536,1753:727
536,1508:1414
1617,1633:710
1617,536:2349
1617,1645:993
1617,1511:1399
1617,1512:1596
1617,1517:1569
1617,1753:2161
1617,1522:1152
1617,1523:657
1617,1513:698
1633,1617:710
1617,1509:1021
1645,1617:993
1645,1752:672
1645,1508:270
1645,1514:523
1627,1509:25
1617,1227:1171
1517,1752:1104
1517,1617:1569
1517,1508:989
1517,1027:179
1752,1523:826
1752,1027:598
1752,1227:260
1752,1333:390
1523,1508:827
1523,1752:826
1523,1617:657
1508,1509:607
1508,1523:827
1508,1027:1145
1508,1517:989
1508,1333:333
1508,1645:270
1508,964:299
