472.012145853169
0,8:2473
0,1196:538
0,770:485
8,1196:1986
8,0:2473
8,8:3648
8,770:1697
8,2174:1484
8,767:1095
8,769:576
1196,8:1986
1196,770:487
1196,0:538
1196,2174:286
1196,767:200
770,2174:3003
770,8:1697
770,771:747
770,1196:487
770,770:1780
770,0:485
770,767:2311
770,769:1546
2174,771:1814
2174,770:3003
2174,2174:5322
2174,8:1484
2174,1196:286
2174,767:3584
2174,769:2621
771,2174:1814
771,770:747
771,767:764
771,769:658
767,769:2171
767,770:2311
767,767:2888
767,2174:3584
767,771:764
767,8:1095
767,1196:200
769,767:2171
769,770:1546
769,8:576
769,2174:2621
769,771:658
0,6:1437
0,0:8430
0,2:1485
0,10:2623
0,7:1805
0,1075:1107
6,0:1437
6,10:248
0,1883:668
2,0:1485
10,0:2623
10,7:372
10,6:248
7,1075:1229
7,0:1805
7,1883:1040
7,10:372
1075,1883:4163
1075,7:1229
1075,1887:264
1075,0:1107
1075,1886:266
1075,450:1081
1883,1887:1882
1883,1075:4163
1883,1883:20010
1883,7:1040
1883,1886:1906
1883,0:668
1883,1885:1860
1883,449:1773
1883,450:3664
1883,2348:4175
1887,1883:1882
1887,1075:264
1887,2348:237
1887,2271:174
1883,2271:2747
1886,1883:1906
1886,1075:266
1886,2348:251
1886,2271:190
1885,1883:1860
1883,2274:1687
449,1883:1773
449,2348:237
1883,1891:2740
450,2348:2174
450,1883:3664
450,2271:934
450,450:2126
450,1891:452
450,1075:1081
2348,2271:2099
2348,450:2174
2348,2348:2668
2348,1883:4175
2348,449:237
2348,2274:855
2348,1891:665
2348,1886:251
2348,1887:237
2271,2348:2099
2271,450:934
2271,1883:2747
2271,2271:1764
2271,2274:1472
2271,1891:970
2271,1886:190
2271,1887:174
2348,1232:733
450,1232:1385
2274,1891:1215
2274,2271:1472
2274,2274:890
2274,2348:855
2274,1883:1687
1891,2274:1215
1891,2271:970
1891,2348:665
1891,450:452
1891,1883:2740
2274,1882:710
2271,1882:1736
2271,1880:1161
2348,1882:1363
2348,1880:1584
2348,1881:1946
450,1882:737
450,1880:708
450,1881:964
1232,450:1385
1232,1232:502
1232,2348:733
1232,1880:237
1232,1881:296
1232,1883:1234
2271,1881:1028
1882,1880:1626
1882,2271:1736
1882,1881:1016
1882,2348:1363
1882,450:737
1882,1882:1228
1882,1883:3418
1882,1886:222
1882,2274:710
1880,1881:1589
1880,1882:1626
1880,2348:1584
1880,2271:1161
1880,450:708
1880,1883:3110
1880,1232:237
1881,2348:1946
1881,1880:1589
1881,2271:1028
1881,1882:1016
1881,1883:3717
1881,1886:235
1881,450:964
1881,1232:296
1881,1889:208
2348,1889:228
1882,1891:610
1883,1882:3418
1883,1889:1803
1883,1881:3717
1883,1880:3110
1883,1232:1234
1886,1882:222
1886,1886:112
1886,1881:235
1889,1883:1803
1889,1891:200
1889,2274:116
1889,2348:228
1889,1881:208
1891,1891:956
1891,1889:200
1891,1882:610
2274,1889:116
2274,2272:724
1891,2272:1621
2271,2272:557
2272,1891:1621
2272,2274:724
2272,2271:557
1,287:2156
1,1955:410
1,914:550
1,1714:467
1,281:589
287,1955:1539
287,1:2156
287,287:5284
287,914:2124
287,1714:1654
287,281:2179
1955,287:1539
1955,914:413
1955,1:410
1955,1714:316
1955,281:421
914,287:2124
914,1714:445
914,1955:413
914,1:550
914,281:598
1714,287:1654
1714,914:445
1714,281:492
1714,1955:316
1714,1:467
281,282:1034
281,287:2179
281,368:733
281,1714:492
281,1054:380
281,914:598
281,1955:421
281,1:589
282,368:912
282,281:1034
368,282:912
368,368:2594
368,281:733
368,1052:954
368,1054:468
368,14:496
368,1937:69
1052,1054:1682
1052,368:954
1052,14:1244
1052,1937:115
1054,14:1753
1054,1052:1682
1054,1937:162
1054,368:468
1054,281:380
14,1937:1176
14,1054:1753
14,554:464
14,1052:1244
14,368:496
1937,554:1370
1937,14:1176
1937,928:458
1937,1054:162
1937,1052:115
1937,368:69
554,928:1527
554,1937:1370
554,929:638
554,14:464
554,61:668
928,929:1252
928,554:1527
928,61:1614
928,1937:458
928,213:480
929,61:1920
929,928:1252
929,554:638
929,213:591
929,60:309
929,929:804
61,1765:1421
61,929:1920
61,61:5946
61,928:1614
61,213:2657
61,554:668
61,60:1361
61,1766:1400
1765,61:1421
1765,213:401
213,61:2657
213,60:424
213,1765:401
213,1766:450
213,929:591
213,928:480
60,61:1361
60,213:424
60,929:309
1766,61:1400
1766,213:450
61,211:1364
61,2930:395
61,240:604
928,211:513
61,907:690
213,211:1924
213,2930:676
213,213:3436
213,240:1239
213,907:1764
211,2930:1214
211,213:1924
211,211:1894
211,61:1364
211,240:399
211,928:513
211,907:525
2930,211:1214
2930,213:676
2930,61:395
2930,212:838
211,212:2238
211,728:471
213,212:1883
240,213:1239
240,907:343
240,211:399
240,61:604
240,212:352
907,213:1764
907,211:525
907,240:343
907,61:690
212,728:2254
212,211:2238
212,2371:1130
212,2930:838
212,212:6232
212,213:1883
212,725:1298
212,727:1212
212,240:352
212,928:2044
212,929:1262
728,2371:1524
728,212:2254
728,728:1802
728,211:471
728,928:540
2371,728:1524
2371,212:1130
728,61:866
212,61:3380
725,212:1298
725,61:470
212,1766:518
727,212:1212
727,61:453
928,212:2044
928,928:1340
928,728:540
929,212:1262
61,212:3380
61,727:453
61,908:1150
61,725:470
61,728:866
1766,212:518
61,933:198
213,908:2937
213,1118:693
213,1951:768
213,933:751
908,1118:1983
908,213:2937
908,908:6840
908,61:1150
908,1951:2125
908,933:2337
1118,908:1983
1118,1951:483
1118,213:693
1118,933:554
1951,908:2125
1951,933:601
1951,1118:483
1951,213:768
933,908:2337
933,1951:601
933,1118:554
933,213:751
933,61:198
0,5:2113
0,1365:853
0,1367:174
5,1365:2395
5,0:2113
5,5:2030
5,462:585
5,1367:532
5,1368:503
1365,5:2395
1365,1365:5858
1365,0:853
1365,462:1960
1365,1367:1861
1365,1368:1755
462,1365:1960
462,1367:404
462,5:585
462,1368:372
1367,1365:1861
1367,1368:383
1367,462:404
1367,5:532
1367,0:174
1368,1365:1755
1368,1367:383
1368,5:503
1368,462:372
1075,1892:300
1075,2272:332
1883,1892:2266
1883,2272:3185
1883,2135:496
1883,2133:276
1892,2272:1301
1892,1883:2266
1892,2135:246
1892,1075:300
1892,2133:152
1892,2134:93
2272,2135:1524
2272,1892:1301
2272,2133:1123
2272,1883:3185
2272,2694:381
2272,1075:332
2272,2134:533
2135,2133:1519
2135,2272:1524
2135,2694:734
2135,1892:246
2135,1883:496
2135,2134:897
2135,2135:738
2133,2694:2021
2133,2135:1519
2133,2133:2440
2133,2272:1123
2133,2134:2244
2133,1892:152
2133,1883:276
2133,3136:1053
2694,2133:2021
2694,2134:1095
2694,2135:734
2694,2272:381
2694,3136:445
2134,2133:2244
2134,2134:2284
2134,2694:1095
2134,2135:897
2134,2272:533
2134,1892:93
2134,3136:1598
2135,3136:351
3136,2134:1598
3136,3136:830
3136,2133:1053
3136,2135:351
3136,2694:445
3136,2272:249
2134,2273:101
3136,2273:34
2133,2273:173
2135,2273:268
2272,2273:1198
2272,2272:3838
2272,3136:249
2273,2272:1198
2273,2135:268
2273,2133:173
2273,2134:101
2273,3136:34
2273,2273:192
2273,2149:235
2272,2149:1384
2272,2936:1161
2135,2149:327
2273,2936:141
2149,2936:2054
2149,2272:1384
2149,2135:327
2149,2273:235
2936,2954:1715
2936,2149:2054
2936,2936:48744
2936,2272:1161
2936,2950:1764
2936,2939:1832
2936,2273:141
2936,2897:2037
2936,2895:1126
2936,1113:223
2936,889:223
2954,2936:1715
2936,2896:73
2950,2936:1764
2939,2936:1832
2897,2895:1304
2897,2936:2037
2897,1113:296
2897,889:306
2895,1113:2779
2895,2897:1304
2895,889:2728
2895,2936:1126
2895,2895:6884
2895,2896:1060
2895,1707:418
1113,889:1921
1113,2895:2779
1113,2897:296
1113,2936:223
1113,1113:2584
1113,1707:944
889,2895:2728
889,1113:1921
889,2897:306
889,2936:223
889,889:2410
889,1707:299
2896,2895:1060
2896,2936:73
1707,1113:944
1707,889:299
1707,2895:418
3,0:2326
3,10:412
0,11:1954
0,3:2326
0,2053:1321
11,0:1954
11,7:310
11,10:350
11,2053:176
7,7:504
7,11:310
0,96:735
10,2053:1429
10,10:1722
10,11:350
10,5:394
10,3:412
10,96:146
2053,10:1429
2053,0:1321
2053,2053:700
2053,5:181
2053,11:176
0,231:109
5,96:2077
5,3155:428
5,10:394
5,2053:181
5,231:311
5,2066:112
5,2065:128
96,3155:2749
96,5:2077
96,1730:1395
96,0:735
96,10:146
96,96:8954
96,231:2261
96,2066:1265
96,2065:1128
3155,1730:1555
3155,96:2749
3155,3155:1858
3155,5:428
3155,231:457
3155,2066:179
3155,2065:185
3155,603:387
1730,3155:1555
1730,96:1395
3155,2472:463
3155,2470:299
96,603:2611
96,2472:2841
96,2470:1797
96,2473:440
231,2066:2010
231,96:2261
231,231:1434
231,3155:457
231,2065:1217
231,603:1295
231,5:311
231,2472:592
231,0:109
231,2470:335
231,2473:79
2066,231:2010
2066,2065:762
2066,96:1265
2066,3155:179
2066,603:599
2066,2472:261
2066,5:112
231,11:47
2065,231:1217
2065,2065:626
2065,2066:762
2065,603:1710
2065,2472:525
2065,96:1128
2065,2470:276
2065,3155:185
2065,5:128
603,2472:2013
603,2065:1710
603,2470:1075
603,231:1295
603,2473:248
603,2066:599
603,96:2611
603,3155:387
2472,2470:2053
2472,603:2013
2472,2473:607
2472,2065:525
2472,231:592
2472,11:321
2472,2066:261
2472,0:255
2472,96:2841
2472,3155:463
2470,2473:1563
2470,2472:2053
2470,2470:2602
2470,603:1075
2470,2065:276
2470,11:854
2470,231:335
2470,0:532
2470,96:1797
2470,3155:299
2473,2470:1563
2473,2473:814
2473,2472:607
2473,11:1201
2473,603:248
2473,231:79
2473,0:726
2473,96:440
11,2473:1201
11,11:1184
11,2470:854
11,2472:321
11,231:47
0,1587:1009
0,2473:726
0,2224:553
0,2470:532
0,2472:255
3,1587:1818
3,3:2272
3,2224:1179
1587,3:1818
1587,1587:1422
1587,0:1009
1587,2224:1627
2224,1587:1627
2224,2224:1492
2224,3:1179
2224,0:553
1587,1589:1149
2224,1589:619
2224,2834:296
1587,2834:489
3,1589:2442
3,2834:1244
1589,2834:2067
1589,3:2442
1589,1589:2830
1589,1587:1149
1589,2224:619
1589,0:1303
1589,10:207
2834,1589:2067
2834,3:1244
2834,1587:489
2834,2834:1094
2834,0:578
2834,2224:296
0,1589:1303
0,2834:578
10,1589:207
0,2494:428
0,2936:430
8,2494:1105
8,2936:965
2494,2936:1937
2494,8:1105
2494,2940:68
2494,0:428
2936,2940:1629
2936,2494:1937
2936,8:965
2936,0:430
2940,2936:1629
2940,2494:68
4,3221:2319
4,1588:1805
4,1176:534
4,4:1262
3221,1588:3644
3221,4:2319
3221,1176:1263
3221,3221:3414
3221,3267:1346
1588,1176:2337
1588,3221:3644
1588,1588:5344
1588,4:1805
1588,3267:2550
1176,1588:2337
1176,3221:1263
1176,4:534
1176,3267:883
1176,1176:800
4,3267:541
3267,1588:2550
3267,1176:883
3267,3221:1346
3267,4:541
3267,3267:1278
3221,223:921
1588,223:2333
1588,290:738
1588,724:529
1176,223:614
3267,223:2829
3267,290:994
3267,724:850
223,290:4163
223,3267:2829
223,223:8318
223,1588:2333
223,724:3743
223,1676:1778
223,1176:614
223,3221:921
290,223:4163
290,724:1383
290,3267:994
290,1676:615
290,1588:738
724,1676:1763
724,223:3743
724,724:2336
724,290:1383
724,3267:850
724,1588:529
1676,724:1763
1676,1676:806
1676,223:1778
1676,290:615
1676,291:583
724,291:1363
223,291:4249
724,222:836
223,222:2723
290,291:2347
290,290:1820
290,222:902
291,290:2347
291,223:4249
291,222:862
291,724:1363
291,1676:583
223,2850:1921
222,223:2723
222,724:836
222,290:902
222,291:862
222,222:1126
222,2850:2035
724,2850:490
223,1896:563
223,1895:244
222,1896:902
222,1895:362
2850,222:2035
2850,2850:4968
2850,223:1921
2850,1896:3185
2850,724:490
2850,1895:1527
1896,1895:1838
1896,2850:3185
1896,1896:2616
1896,222:902
1896,223:563
1895,1896:1838
1895,2850:1527
1895,222:362
1895,1895:946
1895,223:244
5,1366:485
5,2934:216
1365,1366:1803
1365,2934:1140
1366,2934:1082
1366,1365:1803
1366,2958:191
1366,5:485
1366,1366:510
2934,2958:1247
2934,1366:1082
2934,2934:2718
2934,1365:1140
2934,5:216
2934,1105:386
2934,901:193
2958,2934:1247
2958,1366:191
2958,2958:1356
2958,1105:1456
2958,900:571
2958,901:768
2958,59:205
2958,1001:138
2958,2275:715
1105,900:3241
1105,2958:1456
1105,901:2663
1105,2934:386
1105,59:636
1105,2275:1413
1105,1104:1653
900,901:2466
900,1105:3241
900,59:534
900,2958:571
900,2275:909
900,1104:852
901,59:1456
901,900:2466
901,1105:2663
901,2958:768
901,1001:567
901,2934:193
901,2275:1112
901,1104:1581
901,901:2102
901,1715:1913
59,1231:1187
59,901:1456
59,59:2578
59,900:534
59,1001:1590
59,1105:636
59,1002:817
59,2958:205
59,2275:995
59,1104:487
59,1715:573
1231,59:1187
1001,1002:1603
1001,59:1590
1001,1001:1418
1001,2275:1594
1001,1104:372
1001,901:567
1001,1715:440
1001,2958:138
1002,1001:1603
1002,2275:838
1002,59:817
1002,1160:90
2275,1104:1711
2275,1001:1594
2275,901:1112
2275,1002:838
2275,1715:1798
2275,900:909
2275,59:995
2275,1105:1413
2275,1160:1021
2275,1716:555
2275,1377:620
2275,2958:715
1104,901:1581
1104,2275:1711
1104,1715:883
1104,1001:372
1104,900:852
1104,1105:1653
1104,1160:331
1104,59:487
1104,1716:516
1104,1377:802
901,1160:384
901,1716:1161
901,1377:2045
901,1376:1315
1715,900:2083
1715,901:1913
1715,1105:1807
1715,1104:883
1715,1160:415
1715,2275:1798
1715,1001:440
1715,1716:1377
1715,1377:1541
1715,59:573
1715,1376:903
1715,2335:1621
900,1715:2083
900,1160:461
900,1716:1236
900,1377:2066
900,900:3134
900,1376:1930
900,2335:2687
1105,1160:1064
1105,1105:4242
1105,1715:1807
1105,1716:1797
1105,1377:2423
1105,1376:2000
1105,2335:2430
1160,1105:1064
1160,1716:270
1160,900:461
1160,1377:302
1160,1715:415
1160,901:384
1160,1104:331
1160,1376:257
1160,2275:1021
1160,2335:305
1160,1002:90
1716,1377:1641
1716,1105:1797
1716,901:1161
1716,1160:270
1716,900:1236
1716,1376:819
1716,2335:1523
1716,1715:1377
1716,1104:516
1716,2275:555
1377,901:2045
1377,1716:1641
1377,900:2066
1377,1105:2423
1377,1376:1740
1377,1160:302
1377,2335:1938
1377,1715:1541
1377,1104:802
1377,2275:620
901,2335:2237
1376,2335:1835
1376,900:1930
1376,901:1315
1376,1377:1740
1376,1716:819
1376,1105:2000
1376,1160:257
1376,1715:903
2335,901:2237
2335,1376:1835
2335,900:2687
2335,2335:2866
2335,1377:1938
2335,1716:1523
2335,1105:2430
2335,1160:305
2335,1715:1621
900,1484:321
2335,1104:862
2335,1484:296
2335,1557:97
900,1557:120
900,1471:133
901,1484:544
901,1557:181
901,1471:220
2335,1471:115
1104,1484:1846
1104,1557:682
1104,2335:862
1104,1471:876
1104,1470:327
1104,1104:2024
1104,2958:1903
1484,1557:1231
1484,1104:1846
1484,1471:1153
1484,901:544
1484,1470:435
1484,2335:296
1484,900:321
1484,1484:1514
1484,2958:1655
1484,1105:723
1557,1471:1209
1557,1484:1231
1557,1470:504
1557,1104:682
1557,901:181
1557,1557:724
1557,2335:97
1557,900:120
1557,2958:640
1557,1105:246
1471,1470:1142
1471,1557:1209
1471,1471:1166
1471,1484:1153
1471,1104:876
1471,901:220
1471,2335:115
1471,900:133
1471,2958:817
1471,1105:307
1470,1471:1142
1470,1557:504
1470,1484:435
1470,1104:327
1104,902:452
1104,2305:2354
1484,2305:2222
2958,1484:1655
2958,1104:1903
2958,1557:640
2958,1471:817
2958,2305:2143
1105,902:1746
1105,1484:723
1105,1557:246
1105,1471:307
1105,2305:983
902,1105:1746
902,901:971
902,1104:452
901,902:971
901,2305:647
2305,1484:2222
2305,1104:2354
2305,2305:2888
2305,901:647
2305,1105:983
2305,2958:2143
2305,1557:1042
2305,900:366
1484,1715:298
2958,1715:465
1557,2305:1042
2958,2335:440
2958,1376:332
900,902:1539
900,2305:366
902,900:1539
902,1715:699
902,2335:876
902,1376:761
1715,902:699
1715,2958:465
1715,1484:298
2335,902:876
2335,2958:440
1376,902:761
1376,2958:332
1589,209:311
2834,209:117
3,209:504
1587,209:832
1587,951:520
1587,3241:150
1587,3242:88
1587,2769:216
2224,209:1466
2224,951:1176
2224,3241:293
2224,3242:258
2224,2769:473
2224,1736:318
1587,1736:151
2224,2770:116
209,951:1899
209,2224:1466
209,3241:482
209,1587:832
209,3242:329
209,3:504
209,2769:867
209,1589:311
209,1736:577
209,2834:117
209,2770:191
951,3241:1983
951,209:1899
951,3242:1652
951,2224:1176
951,1587:520
951,951:5024
951,2769:3688
951,1736:2795
951,2770:859
3241,3242:2294
3241,951:1983
3241,3241:1416
3241,209:482
3241,2224:293
3241,2769:831
3241,1587:150
3241,1736:677
3241,2770:173
3242,3241:2294
3242,951:1652
3242,2769:548
3242,209:329
3242,1736:413
3242,2224:258
3242,1587:88
3242,2770:111
2769,1736:2458
2769,951:3688
2769,2769:4226
2769,3241:831
2769,2770:1582
2769,3242:548
2769,209:867
2769,2224:473
2769,1587:216
1736,2769:2458
1736,2770:567
1736,951:2795
1736,3241:677
1736,1736:1672
1736,3242:413
1736,209:577
1736,2224:318
1736,1587:151
2769,3243:247
2770,2769:1582
2770,1736:567
2770,951:859
2770,3241:173
2770,3242:111
2770,3243:48
2770,209:191
2770,2224:116
1736,3243:157
951,3243:660
3241,3243:1132
3242,3242:3212
3242,3243:2083
3243,3242:2083
3243,3241:1132
3243,951:660
3243,2769:247
3243,1736:157
3243,2770:48
3242,954:204
3241,954:320
951,954:1623
2769,954:1104
2769,950:1314
1736,954:1475
1736,950:1437
951,950:2537
2770,954:250
2770,950:312
2769,207:631
1736,207:678
1736,208:323
954,1736:1475
954,951:1623
954,2769:1104
954,950:1574
954,2770:250
954,954:912
954,207:950
954,208:400
954,3241:320
954,3242:204
951,207:1371
951,208:571
950,954:1574
950,951:2537
950,950:2238
950,1736:1437
950,207:2322
950,2769:1314
950,208:1187
950,2770:312
950,2771:286
207,208:1852
207,950:2322
207,207:2592
207,954:950
207,1736:678
207,951:1371
207,2769:631
207,2771:120
208,207:1852
208,950:1187
208,954:400
208,1736:323
208,2769:282
208,951:571
1736,2771:599
2769,2771:1573
2769,208:282
2771,2769:1573
2771,1736:599
2771,2771:374
2771,950:286
2771,207:120
7,1880:516
7,1881:311
7,2348:568
7,450:216
1075,1880:1911
1075,1881:1392
1075,2348:2217
1075,1232:291
1880,1075:1911
1880,7:516
1880,1887:167
1880,1892:246
1881,1075:1392
1881,7:311
1881,1892:338
1881,449:235
2348,1075:2217
2348,7:568
2348,1892:302
450,7:216
450,1892:315
1232,1075:291
1887,1880:167
1892,450:315
1892,2348:302
1892,1881:338
1892,1880:246
1892,2271:263
449,1881:235
2271,1892:263
1882,1075:1222
1880,1880:1474
2271,1075:1112
2348,594:439
2271,594:334
1880,594:310
1075,1882:1222
1075,2271:1112
1075,594:490
1881,594:422
1883,594:3016
1883,2212:789
1883,806:590
1883,805:721
1883,836:591
594,2212:1776
594,1883:3016
594,594:3046
594,1881:422
594,1880:310
594,806:1799
594,1075:490
594,805:1824
594,2271:334
594,2348:439
594,836:1239
2212,594:1776
2212,2212:936
2212,1883:789
2212,806:1427
2212,805:1019
2212,836:313
806,805:1678
806,2212:1427
806,594:1799
806,1883:590
805,594:1824
805,806:1678
805,2212:1019
805,836:358
805,1883:721
836,594:1239
836,2212:313
836,805:358
836,1883:591
594,1890:303
1883,1888:1925
1883,1890:2892
1888,1883:1925
1888,1890:217
1888,1075:280
1890,1883:2892
1890,1888:217
1890,594:303
1890,1075:361
1890,1880:238
1882,1892:283
1075,1075:2024
1075,1890:361
1075,1888:280
1880,1890:238
1880,2272:347
1882,2272:433
1883,2273:448
1892,1892:318
1892,1882:283
2272,2348:475
2272,1880:347
2272,1882:433
2273,1883:448
2348,2272:475
8,230:2004
8,229:911
8,3:415
230,229:1216
230,8:2004
230,230:1544
230,0:714
229,230:1216
229,8:911
230,2494:328
230,1196:605
8,3158:490
0,230:714
3,8:415
8,1192:725
8,1194:237
2494,1196:356
2494,230:328
1196,3158:1257
1196,1196:2960
1196,2494:356
1196,1192:1893
1196,1194:729
1196,522:859
1196,1195:768
1196,230:605
3158,1196:1257
3158,3158:318
3158,8:490
3158,1192:507
3158,1194:181
1196,3026:250
1196,523:673
3158,523:171
1192,1194:2657
1192,1196:1893
1192,522:3071
1192,3158:507
1192,1195:2982
1192,1192:3046
1192,3026:990
1192,8:725
1192,523:2493
1192,1782:1640
1194,522:2648
1194,1192:2657
1194,1195:2525
1194,1196:729
1194,3158:181
1194,3026:900
1194,523:2271
1194,8:237
1194,1782:1443
522,1195:2975
522,1194:2648
522,1192:3071
522,522:3316
522,1196:859
522,3026:1575
522,523:2675
522,1782:2761
522,1785:263
1195,1192:2982
1195,522:2975
1195,1194:2525
1195,3026:865
1195,523:1870
1195,1196:768
1195,1782:1286
1192,1785:124
522,1783:302
3026,523:1334
3026,522:1575
3026,3026:490
3026,1192:990
3026,1195:865
3026,1782:903
3026,1785:82
3026,1194:900
3026,1196:250
523,3026:1334
523,523:2336
523,522:2675
523,1782:2597
523,1192:2493
523,1785:239
523,1195:1870
523,1783:301
523,1194:2271
523,1196:673
523,3158:171
1782,1785:1075
1782,523:2597
1782,1782:7810
1782,3026:903
1782,1783:1351
1782,522:2761
1782,1192:1640
1782,1195:1286
1782,1194:1443
1785,1782:1075
1785,523:239
1785,3026:82
1785,1785:98
1785,522:263
1785,1192:124
1782,521:1000
1783,1782:1351
1783,523:301
1783,522:302
523,521:1337
1785,1209:151
1782,1209:1415
1782,1210:734
522,521:1521
522,1209:359
1194,521:835
523,1209:273
521,523:1337
521,3026:484
521,1194:835
521,522:1521
521,1782:1000
3026,521:484
1782,299:221
1782,1049:201
1782,1050:316
1209,1210:759
1209,1782:1415
1209,299:279
1209,522:359
1209,1049:269
1209,523:273
1209,1050:413
1209,1785:151
1210,299:1072
1210,1209:759
1210,1210:868
1210,1782:734
1210,1049:992
1210,1050:1403
1210,3315:433
299,1210:1072
299,1049:890
299,1209:279
299,1050:1134
299,1782:221
299,3315:319
1049,1050:1690
1049,1210:992
1049,3315:1053
1049,299:890
1049,1209:269
1049,1782:201
1049,1049:992
1050,3315:1296
1050,1049:1690
1050,1210:1403
1050,299:1134
1050,1209:413
1050,1782:316
1050,1050:2674
1050,1046:1497
3315,2287:752
3315,1050:1296
3315,3315:1808
3315,1049:1053
3315,1032:724
3315,1210:433
3315,299:319
3315,1046:499
2287,3315:752
2287,1032:96
1032,3315:724
1032,2287:96
1049,1046:1159
1210,1046:578
1210,1513:49
1049,1513:126
1049,1651:88
1050,1513:170
1046,1049:1159
1046,1050:1497
1046,3315:499
1046,1210:578
1049,1617:485
3315,1513:657
3315,1617:1889
1049,533:121
1513,1651:745
1513,3315:657
1513,1049:126
1513,1617:642
1513,1050:170
1513,1210:49
1651,1390:787
1651,1513:745
1651,538:381
1651,1617:1775
1651,1049:88
1651,1650:200
1390,538:724
1390,1651:787
1390,1617:699
538,1617:1522
538,1390:724
538,1651:381
1617,1653:942
1617,538:1522
1617,1617:27424
1617,1390:699
1617,1650:1662
1617,1651:1775
1617,533:2034
1617,1513:642
1617,3315:1889
1617,1049:485
1653,1617:942
1650,533:762
1650,1617:1662
1650,1650:944
1650,1798:784
1650,1651:200
533,1650:762
533,1617:2034
533,1049:121
1798,1650:784
9,1172:2369
9,1173:576
9,116:904
9,1174:599
1172,1173:2346
1172,9:2369
1172,1172:8174
1172,116:3664
1172,113:1677
1172,119:397
1172,1174:2467
1173,1172:2346
1173,116:898
1173,9:576
1173,1174:588
1173,1173:564
116,113:2208
116,1172:3664
116,119:733
116,1173:898
116,116:2860
116,9:904
116,1174:980
113,119:2257
113,116:2208
113,113:3328
113,1172:1677
113,1174:391
119,113:2257
119,116:733
119,1172:397
1174,1172:2467
1174,1173:588
1174,116:980
1174,113:391
1174,1174:626
1174,9:599
1172,115:321
1172,114:395
1174,114:88
116,115:573
116,114:677
113,115:1845
113,114:2227
113,3185:972
113,2840:457
113,1705:173
115,113:1845
115,114:729
115,116:573
115,119:1072
115,1172:321
115,3185:1578
115,2840:796
115,1705:284
114,119:2235
114,113:2227
114,115:729
114,3185:731
114,116:677
114,2840:336
114,1172:395
114,1174:88
114,2631:26
119,114:2235
119,119:2458
119,3185:1526
119,115:1072
119,2840:850
119,1705:330
3185,2840:1699
3185,119:1526
3185,1705:693
3185,113:972
3185,114:731
3185,115:1578
2840,1705:1636
2840,3185:1699
2840,2413:559
2840,119:850
2840,113:457
2840,114:336
2840,115:796
1705,2413:1353
1705,2840:1636
1705,1019:177
1705,3185:693
1705,119:330
1705,113:173
1705,2630:49
1705,115:284
1705,2895:497
2413,1019:1688
2413,1705:1353
2413,1356:349
2413,2840:559
2413,2631:335
2413,2630:535
2413,2936:1038
2413,2895:395
1019,1356:1020
1019,2413:1688
1019,2631:1295
1019,1705:177
1019,2630:1417
1019,2936:1909
1356,2631:1309
1356,1019:1020
1356,1356:462
1356,2413:349
1356,2630:688
1356,2936:627
2631,1356:1309
2631,2631:2958
2631,1019:1295
2631,2630:2055
2631,2413:335
2631,2936:1430
2631,114:26
2630,2936:2603
2630,2631:2055
2630,1356:688
2630,1019:1417
2630,2413:535
2630,1705:49
2936,2630:2603
2936,2631:1430
2936,242:134
2936,1356:627
2936,1019:1909
2936,2413:1038
2895,242:2661
2895,1842:819
2895,2743:1360
2895,2742:965
2895,921:452
2895,2413:395
2895,919:199
2895,1705:497
242,1842:1764
242,2895:2661
242,242:4190
242,2936:134
242,2743:233
242,2742:151
1842,242:1764
1842,2895:819
2895,1157:56
2743,2742:1162
2743,2895:1360
2743,921:510
2743,242:233
2742,921:1520
2742,2743:1162
2742,919:690
2742,2895:965
2742,242:151
2742,1157:313
921,919:1478
921,2742:1520
921,1959:359
921,2743:510
921,2895:452
921,921:1274
921,1157:789
919,1959:1245
919,921:1478
919,919:2612
919,2742:690
919,2895:199
919,1157:2535
919,1158:513
1959,919:1245
1959,921:359
1959,1157:671
1157,1158:1719
1157,919:2535
1157,1157:5706
1157,921:789
1157,1959:671
1157,2742:313
1157,2895:56
1157,1613:126
1158,1157:1719
1158,919:513
919,1613:240
919,1610:186
921,1613:578
921,1610:446
2742,2742:1750
2742,1613:1370
2742,1610:1345
2742,2716:313
1613,1610:2085
1613,2742:1370
1613,1613:850
1613,921:578
1613,919:240
1613,2716:620
1613,1157:126
1613,1608:459
1610,1613:2085
1610,1610:6540
1610,2742:1345
1610,921:446
1610,2716:2863
1610,919:186
1610,1608:2097
1610,2800:1086
1613,2800:206
1610,2418:131
1610,708:243
2716,1610:2863
2716,2716:2092
2716,1613:620
2716,1608:681
2716,2800:228
2716,2418:46
2716,2742:313
2716,708:53
1608,2800:1879
1608,1610:2097
1608,2716:681
1608,708:491
1608,710:338
1608,1613:459
2800,2418:1284
2800,1608:1879
2800,2800:4536
2800,1610:1086
2800,708:2399
2800,2716:228
2800,710:1611
2800,2417:1315
2800,1613:206
2418,2800:1284
2418,708:338
2418,1610:131
2418,2716:46
708,710:1549
708,2800:2399
708,2417:1011
708,2418:338
708,1608:491
708,1610:243
708,2716:53
710,2417:1702
710,708:1549
710,2800:1611
710,1608:338
2417,710:1702
2417,708:1011
2417,2800:1315
8,2493:1040
1196,229:255
1196,2493:299
230,770:461
229,229:570
229,1196:255
2493,8:1040
2493,1196:299
770,230:461
229,2494:137
230,2344:163
8,2344:737
8,2000:68
2494,2344:1143
2494,229:137
2494,2000:120
2494,2062:70
2344,2934:1764
2344,2494:1143
2344,2344:5814
2344,8:737
2344,2000:1425
2344,230:163
2344,2062:634
2344,2060:546
2934,2344:1764
2934,2000:193
2934,2062:98
2934,2060:134
2000,2062:1178
2000,2344:1425
2000,2000:1244
2000,2934:193
2000,2060:852
2000,2494:120
2000,2061:252
2000,8:68
2062,2000:1178
2062,2062:844
2062,2344:634
2062,2060:1374
2062,2934:98
2062,2494:70
2062,2936:1301
2000,2936:1002
2062,2942:27
2060,2061:960
2060,2062:1374
2060,2060:1670
2060,2000:852
2060,2344:546
2060,2934:134
2060,2936:3113
2060,2942:87
2061,2060:960
2061,2000:252
2061,2936:882
2936,2942:1630
2936,2060:3113
2936,2061:882
2936,2946:1710
2936,1942:1987
2936,2062:1301
2936,2951:1673
2936,2000:1002
2942,2936:1630
2942,2060:87
2942,2946:45
2942,2062:27
2936,2729:2647
2936,2800:2966
2936,708:716
2946,2936:1710
2946,2942:45
2936,709:685
2936,710:387
1942,2936:1987
2951,2936:1673
2936,2418:402
2729,2936:2647
2936,1916:1698
2800,2936:2966
2800,709:2447
2800,1916:2057
708,709:1846
708,2936:716
708,1916:648
708,708:1292
709,710:1634
709,708:1846
709,709:1482
709,2800:2447
709,2936:685
709,1916:662
710,709:1634
710,2936:387
710,1916:591
710,710:1074
709,2417:1051
2800,1115:334
2418,2936:402
2800,613:252
1916,2800:2057
1916,708:648
1916,709:662
1916,710:591
1916,2417:2609
1916,2306:372
1916,1115:1227
1916,613:884
1916,2936:1698
1916,2413:1065
710,1115:323
710,1018:20
2417,2306:1494
2417,1115:3079
2417,709:1051
2417,612:411
2417,613:717
2417,2413:1500
2417,1916:2609
2417,1018:150
2417,1391:36
2306,1115:1489
2306,2417:1494
2306,612:182
2306,613:258
2306,2413:339
2306,1916:372
1115,612:1843
1115,2306:1489
1115,613:2382
1115,2417:3079
1115,2413:3328
1115,710:323
1115,1018:451
1115,2800:334
1115,1916:1227
1115,1691:573
1115,1908:266
612,613:1223
612,1115:1843
612,2413:1764
612,2306:182
612,1018:279
612,2417:411
613,2413:2523
613,612:1223
613,1115:2382
613,2306:258
613,2417:717
613,1691:318
613,2800:252
613,1916:884
2413,1018:2326
2413,613:2523
2413,1391:421
2413,612:1764
2413,1115:3328
2413,2413:6464
2413,2306:339
2413,1691:1643
2413,2417:1500
2413,1908:750
2413,1916:1065
1018,1391:1333
1018,2413:2326
1018,1018:5322
1018,612:279
1018,1691:257
1018,1115:451
1018,2417:150
1018,710:20
1391,1018:1333
1391,2413:421
1391,2417:36
1691,1908:1101
1691,2413:1643
1691,1018:257
1691,613:318
1691,1115:573
1908,1691:1101
1908,2413:750
1908,1115:266
2473,10:95
2473,2053:46
2470,10:79
2470,2053:33
0,2650:826
11,2650:1494
2473,2650:578
11,2649:311
10,2473:95
10,2470:79
2053,2473:46
2053,2470:33
0,2630:363
0,1019:151
11,2630:602
11,1019:255
2650,11:1494
2650,2650:2418
2650,0:826
2650,2649:1009
2650,2630:1839
2650,1019:867
2650,2473:578
2650,1115:308
2649,2650:1009
2649,2630:391
2649,11:311
2649,1019:189
2630,2650:1839
2630,2653:358
2630,2649:391
2630,1115:574
2630,11:602
2630,0:363
1019,2653:844
1019,1019:1464
1019,2650:867
1019,1115:1870
1019,2649:189
1019,11:255
1019,0:151
2653,1019:844
2653,1115:365
2653,2630:358
2653,1013:28
2653,453:11
2653,451:29
2653,2413:332
1115,455:1456
1115,1019:1870
1115,1013:667
1115,2653:365
1115,453:160
1115,451:970
1115,2630:574
1115,2415:557
1115,2650:308
1115,1705:284
1115,1701:183
455,1013:1577
455,1115:1456
455,453:472
455,451:1946
455,2413:570
1013,453:1451
1013,455:1577
1013,451:3845
1013,1115:667
1013,2415:373
1013,2413:352
1013,2653:28
1013,1701:626
1013,1704:97
453,451:1698
453,1013:1451
453,455:472
453,1115:160
453,1701:129
453,2653:11
453,1704:21
453,452:513
451,2415:1220
451,453:1698
451,2413:933
451,1013:3845
451,455:1946
451,1701:692
451,1115:970
451,1704:102
451,2653:29
451,452:2016
2415,2413:1252
2415,451:1220
2415,1701:139
2415,1013:373
2415,1115:557
2415,452:232
2413,2415:1252
2413,1701:1021
2413,451:933
2413,1704:126
2413,1013:352
2413,992:186
2413,455:570
2413,452:386
2413,2653:332
1705,1701:1668
1705,992:326
1705,452:330
1705,1115:284
1705,464:391
1705,1113:204
1701,1704:1526
1701,1705:1668
1701,1701:6982
1701,2413:1021
1701,992:2449
1701,2415:139
1701,451:692
1701,452:2659
1701,453:129
1701,1013:626
1701,464:3375
1701,1113:1460
1701,1115:183
1701,2895:3077
1704,1701:1526
1704,992:299
1704,2413:126
1704,452:438
1704,451:102
1704,464:532
1704,453:21
1704,1113:332
1704,1013:97
1704,2895:1253
992,1701:2449
992,452:496
992,1704:299
992,464:630
992,1705:326
992,1113:227
992,2413:186
992,2895:510
452,1701:2659
452,464:2149
452,992:496
452,1113:1069
452,2895:2562
452,1704:438
452,1705:330
452,2413:386
452,2415:232
452,451:2016
452,453:513
464,1113:2153
464,1701:3375
464,2895:3127
464,452:2149
464,998:531
464,992:630
464,1704:532
464,1705:391
1113,464:2153
1113,1701:1460
1113,998:1506
1113,452:1069
1113,2383:706
1113,992:227
1113,2381:621
1113,1704:332
1113,1705:204
2895,998:587
2895,464:3127
2895,1701:3077
2895,452:2562
2895,2381:168
2895,992:510
2895,1704:1253
998,2383:1382
998,1113:1506
998,998:1366
998,2895:587
998,2381:1049
998,464:531
2383,998:1382
2383,2383:1502
2383,1113:706
2383,2381:2468
2383,1601:843
2381,1601:2934
2381,2383:2468
2381,2285:715
2381,998:1049
2381,1600:1164
2381,1599:423
2381,1113:621
2381,2895:168
2381,2830:720
1601,2285:1855
1601,2381:2934
1601,1601:5738
1601,2383:843
1601,1600:3095
1601,1599:1401
1601,2830:1862
2285,1601:1855
2285,1600:776
2285,2381:715
2285,2830:458
1600,1599:1740
1600,1601:3095
1600,1600:2494
1600,2285:776
1600,2381:1164
1600,2830:721
1599,1600:1740
1599,1601:1401
1599,2381:423
1599,1599:940
2830,1601:1862
2830,1600:721
2830,2830:462
2830,2285:458
2830,2381:720
1600,115:355
1601,115:1050
1601,982:574
2285,115:247
2381,115:3486
2381,982:1909
2381,2381:4434
2381,792:785
2381,791:162
115,982:1654
115,2381:3486
115,1601:1050
115,115:3226
115,2285:247
115,792:1685
115,791:412
115,1600:355
982,2381:1909
982,115:1654
982,1601:574
982,792:396
792,791:1071
792,115:1685
792,2381:785
792,982:396
791,792:1071
791,115:412
791,2381:162
12,15:868
12,585:351
12,2989:577
12,1854:196
15,585:1555
15,12:868
15,2071:572
15,2989:2544
15,15:1718
15,1854:804
15,627:369
585,2071:1286
585,15:1555
585,585:1728
585,12:351
585,2989:2369
585,1854:954
585,627:340
585,14:507
2071,585:1286
2071,2989:1294
2071,15:572
2071,1854:813
2989,15:2544
2989,585:2369
2989,2071:1294
2989,2989:5186
2989,1854:3187
2989,12:577
2989,627:1232
2989,14:1222
15,14:919
1854,2989:3187
1854,627:398
1854,585:954
1854,14:355
1854,15:804
1854,2071:813
1854,12:196
627,14:1036
627,2989:1232
627,1854:398
627,585:340
627,15:369
14,1838:1402
14,627:1036
14,2989:1222
14,1854:355
14,585:507
14,15:919
1838,1840:1401
1838,14:1402
1838,1179:264
1838,1838:5478
1838,367:1130
1838,938:501
1838,366:1695
1838,368:2190
1840,1179:878
1840,1838:1401
1840,1840:2390
1179,1840:878
1179,1838:264
367,938:864
367,1838:1130
367,367:504
367,366:986
367,368:315
938,367:864
938,366:478
938,1838:501
366,368:1233
366,367:986
366,366:2426
366,938:478
366,370:847
366,1818:514
366,1838:1695
366,163:1074
368,366:1233
368,370:156
368,367:315
368,1838:2190
368,163:220
366,375:946
366,1204:969
370,1818:745
370,366:847
370,368:156
370,163:177
1818,370:745
1818,366:514
163,366:1074
163,368:220
163,370:177
375,1204:1361
375,366:946
375,50:458
1204,50:3846
1204,375:1361
1204,2687:595
1204,366:969
1204,830:601
1204,1929:498
50,2687:2248
50,1204:3846
50,50:12640
50,375:458
50,830:2400
50,1929:2138
2687,50:2248
2687,1204:595
830,50:2400
830,1204:601
830,1271:637
50,1271:4044
1929,50:2138
1929,1929:320
1929,1204:498
1929,1271:530
2687,1271:551
1271,1271:1820
1271,50:4044
1271,1929:530
1271,2687:551
1271,830:637
1271,1204:862
50,946:681
50,1295:429
1204,946:2236
1204,1295:1685
1204,1727:589
1204,1723:740
1204,1271:862
1204,1725:506
946,1295:1526
946,1204:2236
946,1727:558
946,50:681
946,1296:384
946,1723:477
946,1725:588
1295,1727:1635
1295,946:1526
1295,1296:1161
1295,1204:1685
1295,1723:1586
1295,50:429
1295,1725:1661
1295,555:455
1727,1296:1865
1727,1295:1635
1727,1723:2554
1727,946:558
1727,1204:589
1727,1725:1318
1727,1727:1704
1296,1723:2581
1296,1727:1865
1296,1296:1874
1296,1295:1161
1296,1725:1730
1296,946:384
1296,555:511
1723,1296:2581
1723,1725:2315
1723,1727:2554
1723,1295:1586
1723,946:477
1723,1204:740
1723,555:683
1723,1723:4442
1723,14:2458
1296,14:733
1725,1296:1730
1725,1727:1318
1725,1723:2315
1725,1725:1558
1725,555:1083
1725,1295:1661
1725,946:588
1725,1204:506
1725,14:666
1727,14:930
555,1725:1083
555,1723:683
555,1296:511
555,1295:455
14,1723:2458
14,14:5934
14,1725:666
14,1055:328
14,1296:733
14,1727:930
1052,1055:1166
1055,3164:966
1055,1052:1166
1055,1055:2112
1055,14:328
3164,1055:966
3164,3164:244
13,1175:819
13,917:75
13,1182:63
1175,917:927
1175,13:819
1175,1175:5058
1175,1182:918
1175,918:647
1175,1651:960
917,1175:927
917,1182:387
917,13:75
917,918:865
917,917:528
917,1651:1109
917,1183:265
1182,918:797
1182,1175:918
1182,1182:356
1182,917:387
1182,13:63
1182,1651:1132
1182,1183:259
1182,2552:97
918,1182:797
918,918:700
918,1175:647
918,917:865
918,1651:1381
918,1183:302
917,2552:89
917,2556:87
1651,1183:1518
1651,917:1109
1651,2552:581
1651,918:1381
1651,1182:1132
1651,2556:593
1651,1175:960
1183,2552:1800
1183,1651:1518
1183,1183:2698
1183,917:265
1183,2553:1006
1183,918:302
1183,1182:259
1183,2556:1848
1183,1617:1738
2552,1183:1800
2552,2553:343
2552,1651:581
2552,917:89
2552,2556:1309
2552,1182:97
2552,2552:1014
2552,1617:591
2553,1183:1006
2553,2556:364
2553,2552:343
2553,1617:339
2556,1183:1848
2556,2552:1309
2556,2553:364
2556,1617:571
2556,1651:593
2556,917:87
1183,1508:215
1617,1507:2314
1617,1183:1738
1617,2552:591
1617,1637:1594
1617,2556:571
1617,1266:1827
1617,1267:912
1617,2553:339
1617,1508:4990
1617,1514:2776
1507,1617:2314
1507,1508:177
1507,1514:87
1617,1517:1662
1617,1515:888
1637,1617:1594
1617,1752:5480
1266,1267:675
1266,1617:1827
1266,1508:994
1266,1515:96
1266,1752:1248
1267,1508:1027
1267,1266:675
1267,1617:912
1267,1515:49
1267,1752:554
1267,531:251
1508,1514:1944
1508,1267:1027
1508,1645:163
1508,1266:994
1508,1617:4990
1508,1517:1057
1508,1515:432
1508,1507:177
1508,1752:3100
1508,531:1375
1508,1183:215
1508,1180:1009
1508,1508:4952
1514,1645:477
1514,1508:1944
1514,1514:1738
1514,1517:861
1514,1617:2776
1514,1752:2167
1514,531:594
1514,1507:87
1645,1514:477
1645,1508:163
1517,1515:699
1517,1514:861
1517,1517:526
1517,1752:1346
1517,1508:1057
1517,1617:1662
1515,1517:699
1515,1752:1350
1515,1514:328
1515,1508:432
1515,1267:49
1515,1266:96
1515,1617:888
1752,531:1655
1752,1517:1346
1752,1180:580
1752,1515:1350
1752,1508:3100
1752,1514:2167
1752,1649:538
1752,1267:554
1752,1266:1248
1752,1617:5480
531,1180:829
531,1752:1655
531,1508:1375
531,1649:347
531,1514:594
531,1267:251
1180,1508:1009
1180,531:829
1180,1752:580
1508,1520:1067
1508,1649:794
1520,1649:737
1520,1508:1067
1520,1520:936
1520,2364:800
1520,28:740
1649,1520:737
1649,1508:794
1649,531:347
1649,1752:538
1520,1059:377
1520,1061:138
2364,28:1271
2364,1520:800
2364,2364:536
2364,1059:870
2364,1061:263
28,2364:1271
28,1520:740
28,28:2752
28,1059:2727
28,1061:947
28,1060:898
2364,1060:211
1059,1061:1822
1059,28:2727
1059,1059:4520
1059,2364:870
1059,1060:1831
1059,1520:377
1061,1059:1822
1061,1060:625
1061,28:947
1061,2364:263
1061,1061:606
1061,1520:138
1060,1059:1831
1060,1060:642
1060,1061:625
1060,28:898
1060,2364:211
1059,3090:912
1060,3090:241
1061,3090:254
1059,1650:130
28,3090:1325
28,1650:205
3090,28:1325
3090,1059:912
3090,1061:254
3090,2364:438
3090,1060:241
2364,1650:253
2364,1617:202
2364,3090:438
1520,1650:983
1520,1617:1012
1650,1520:983
1650,2364:253
1650,28:205
1650,1059:130
1617,1633:849
1617,1177:1010
1617,1520:1012
1617,2364:202
1633,1617:849
1177,1617:1010
14,626:763
14,1027:189
626,14:763
1054,1027:1407
1027,1175:1257
1027,1054:1407
1027,14:189
1027,537:278
1027,1751:330
1027,1646:1087
1175,1187:786
1175,1027:1257
1175,1184:914
1175,2527:1200
1175,537:1306
1187,1175:786
1184,2527:906
1184,1175:914
1184,537:447
2527,537:1194
2527,1184:906
2527,1175:1200
537,1751:902
537,2527:1194
537,1646:363
537,1184:447
537,1175:1306
537,1027:278
1751,1646:733
1751,537:902
1751,1027:330
1646,3234:857
1646,1751:733
1646,2757:595
1646,537:363
1646,1027:1087
1646,1646:784
3234,2757:1062
3234,1646:857
3234,2756:648
3234,3234:700
3234,1617:409
2757,2756:1169
2757,3234:1062
2757,2757:1074
2757,1646:595
2756,2757:1169
2756,2756:914
2756,3234:648
1646,1617:1377
1617,1511:1228
1617,1646:1377
1617,1186:1078
1617,3234:409
1617,1187:776
1617,1175:4602
1617,1181:513
1617,13:1393
1617,342:1165
1511,1186:658
1511,1617:1228
1186,1187:630
1186,1511:658
1186,1617:1078
1187,1637:590
1187,1186:630
1187,1617:776
1637,1187:590
1175,1181:796
1175,342:599
1175,346:1102
1175,957:337
1175,1617:4602
1175,955:505
1175,960:785
1175,1961:1047
1181,1175:796
1181,1617:513
1175,2068:329
1175,413:366
13,342:876
13,346:532
13,957:307
13,955:294
13,960:98
13,1617:1393
13,345:417
342,346:2033
342,13:876
342,957:1680
342,1175:599
342,955:1189
342,960:209
342,1961:1086
342,345:1664
342,2527:1839
342,1617:1165
346,957:1520
346,342:2033
346,955:1493
